2 86  0.1977286622339308 0.1230184581399794 0  0.3526066797844038 0.1368664130764795 0  0.2621576076116114 0.2518529760943345 0  0 0 0   1.741200747962355e-06  1.741200747962355e-06  1.741200747962355e-06   0  0  0  
2 87  1.524760746747627 0.3762923776091482 0  1.583201655639066 0.2416341804216923 0  1.656064801304384 0.3733136457050675 0  0 0 0   8.95152565762911e-07  8.95152565762911e-07  8.95152565762911e-07   0  0  0  
2 88  -1.656064834395029 0.3733136285136712 0  -1.583201755633163 0.2416340142744201 0  -1.524760785959585 0.3762921145183828 0  0 0 0   7.16512536723228e-07  7.16512536723228e-07  7.16512536723228e-07   0  0  0  
2 89  0.06536377256076729 0.1307573523250774 0  -0.001625988874080669 0.2583949392743051 0  -0.06754859062877704 0.1345705604893188 0  0 0 0   5.500008815274389e-07  5.500008815274389e-07  5.500008815274389e-07   0  0  0  
2 90  0.2621576076116114 0.2518529760943345 0  0.3526066797844038 0.1368664130764795 0  0.3887026061131132 0.2641887375002069 0  0 0 0   1.268128596955747e-06  1.268128596955747e-06  1.268128596955747e-06   0  0  0  
2 91  0.1310315212504341 0.2550253293245733 0  0.1974542295118301 0.37844785713173 0  0.06348970987725223 0.3801363237168083 0  0 0 0   3.355093487986664e-07  3.355093487986664e-07  3.355093487986664e-07   0  0  0  
2 92  2.249002786432753 0.2473484046995293 0  2.328469412262105 0.3689574464988836 0  2.189902575562932 0.3679590683905543 0  0 0 0   1.131162220603656e-08  1.131162220603656e-08  1.131162220603656e-08   0  0  0  
2 93  2.122253237900066 0.2370546960632258 0  2.249002786432753 0.2473484046995293 0  2.189902575562932 0.3679590683905543 0  0 0 0   2.850562008173953e-08  2.850562008173953e-08  2.850562008173953e-08   0  0  0  
2 94  -2.189889463731975 0.3681326527283613 0  -2.249003784438395 0.2474748257295052 0  -2.122235657233793 0.2372902822461477 0  0 0 0   2.282726313835414e-08  2.282726313835414e-08  2.282726313835414e-08   0  0  0  
2 95  1.328947368423926 0.5 0  1.238781945498637 0.3589933070517556 0  1.391595441314043 0.3843927921605686 0  0 0 0   8.544730046452124e-06  8.544730046452124e-06  8.544730046452124e-06   0  0  0  
2 96  -1.391595441830349 0.3843925838444772 0  -1.238781945498775 0.3589933070513455 0  -1.328947368417994 0.5 0  0 0 0   6.840602787132775e-06  6.840602787132775e-06  6.840602787132775e-06   0  0  0  
2 97  -2.189889463731975 0.3681326527283613 0  -2.32847666802834 0.3690006168348818 0  -2.249003784438395 0.2474748257295052 0  0 0 0   9.019219896772781e-09  9.019219896772781e-09  9.019219896772781e-09   0  0  0  
2 98  -0.1350000000013701 0 0  -0.2016984323129188 0.1321531400507558 0  -0.2700000000009669 0 0  0 0 0   9.2024324827936e-07  9.2024324827936e-07  9.2024324827936e-07   0  0  0  
2 99  -0.06754859062877704 0.1345705604893188 0  -0.001625988874080669 0.2583949392743051 0  -0.1342344029677687 0.2660435525452081 0  0 0 0   3.375383176528525e-07  3.375383176528525e-07  3.375383176528525e-07   0  0  0  
2 100  1.656064801304384 0.3733136457050675 0  1.583201655639066 0.2416341804216923 0  1.716308596322671 0.24521655070725 0  0 0 0   9.236765139613743e-07  9.236765139613743e-07  9.236765139613743e-07   0  0  0  
2 101  -1.716308594239096 0.2452169338568634 0  -1.583201755633163 0.2416340142744201 0  -1.656064834395029 0.3733136285136712 0  0 0 0   7.394093354449051e-07  7.394093354449051e-07  7.394093354449051e-07   0  0  0  
2 102  1.781627759372546 0.1239783251323367 0  1.9182594024273 0.1228416810376238 0  1.851860248538765 0.2537518236860077 0  0 0 0   2.673484246595908e-07  2.673484246595908e-07  2.673484246595908e-07   0  0  0  
2 103  -1.851859999380429 0.2537551624900099 0  -1.918259012080532 0.1228469118333412 0  -1.781627759375348 0.1239783251305548 0  0 0 0   2.141336538808618e-07  2.141336538808618e-07  2.141336538808618e-07   0  0  0  
2 104  0.2621576076116114 0.2518529760943345 0  0.1974542295118301 0.37844785713173 0  0.1310315212504341 0.2550253293245733 0  0 0 0   9.143216932908306e-07  9.143216932908306e-07  9.143216932908306e-07   0  0  0  
2 105  1.716308596322671 0.24521655070725 0  1.789713707991381 0.3755107864157464 0  1.656064801304384 0.3733136457050675 0  0 0 0   3.803831246486899e-07  3.803831246486899e-07  3.803831246486899e-07   0  0  0  
2 106  -1.656064834395029 0.3733136285136712 0  -1.789713671631333 0.3755114038759447 0  -1.716308594239096 0.2452169338568634 0  0 0 0   3.044341806290176e-07  3.044341806290176e-07  3.044341806290176e-07   0  0  0  
2 107  -0.2672131339431962 0.2662272171969637 0  -0.4141333540819757 0.2457230859788843 0  -0.3361944663354338 0.126077510073044 0  0 0 0   1.372816031723455e-06  1.372816031723455e-06  1.372816031723455e-06   0  0  0  
2 108  1.196052631582145 0.5 0  1.238781945498637 0.3589933070517556 0  1.328947368423926 0.5 0  0 0 0   1.13501462104098e-05  1.13501462104098e-05  1.13501462104098e-05   0  0  0  
2 109  -1.328947368417994 0.5 0  -1.238781945498775 0.3589933070513455 0  -1.196052631575596 0.5 0  0 0 0   9.086606734483807e-06  9.086606734483807e-06  9.086606734483807e-06   0  0  0  
2 110  1.063157894740451 0.5 0  1.118415411970121 0.3695410804207735 0  1.196052631582145 0.5 0  0 0 0   1.567104544368976e-05  1.567104544368976e-05  1.567104544368976e-05   0  0  0  
2 111  -1.196052631575596 0.5 0  -1.118415411968214 0.3695410804206456 0  -1.063157894733116 0.5 0  0 0 0   1.254819988010279e-05  1.254819988010279e-05  1.254819988010279e-05   0  0  0  
2 112  -2.126315789472638 0.5 0  -2.05823833009473 0.3665632995337724 0  -1.993421052630151 0.5 0  0 0 0   4.001144224165752e-08  4.001144224165752e-08  4.001144224165752e-08   0  0  0  
2 113  1.993421052632595 0.5 0  2.058242233123812 0.3665112499519997 0  2.126315789474561 0.5 0  0 0 0   5.018311746241688e-08  5.018311746241688e-08  5.018311746241688e-08   0  0  0  
2 114  -0.5600308642952025 0.1858939149646727 0  -0.4675357579882912 0.1106600307872205 0  -0.4141333540819757 0.2457230859788843 0  0 0 0   3.63550116229964e-06  3.63550116229964e-06  3.63550116229964e-06   0  0  0  
2 115  0.9302631578986951 0.5 0  0.991462639377176 0.3738721838301973 0  1.063157894740451 0.5 0  0 0 0   1.660088873879683e-05  1.660088873879683e-05  1.660088873879683e-05   0  0  0  
2 116  -1.063157894733116 0.5 0  -0.9914464283091686 0.3738647349698417 0  -0.9302631578906269 0.5 0  0 0 0   1.330051816496151e-05  1.330051816496151e-05  1.330051816496151e-05   0  0  0  
2 117  1.118415411970121 0.3695410804207735 0  1.238781945498637 0.3589933070517556 0  1.196052631582145 0.5 0  0 0 0   1.217003204709007e-05  1.217003204709007e-05  1.217003204709007e-05   0  0  0  
2 118  -1.196052631575596 0.5 0  -1.238781945498775 0.3589933070513455 0  -1.118415411968214 0.3695410804206456 0  0 0 0   9.744150722369336e-06  9.744150722369336e-06  9.744150722369336e-06   0  0  0  
2 119  0.2621576076116114 0.2518529760943345 0  0.1310315212504341 0.2550253293245733 0  0.1977286622339308 0.1230184581399794 0  0 0 0   6.517570589996429e-07  6.517570589996429e-07  6.517570589996429e-07   0  0  0  
2 120  -0.4651315789420555 0.3849097818652278 0  -0.4141333540819757 0.2457230859788843 0  -0.333833860982987 0.3803852974672287 0  0 0 0   1.837509381690659e-06  1.837509381690659e-06  1.837509381690659e-06   0  0  0  
2 121  0.7973684210569756 0.5 0  0.8619393716548953 0.3736920225604106 0  0.9302631578986951 0.5 0  0 0 0   1.668077041805635e-05  1.668077041805635e-05  1.668077041805635e-05   0  0  0  
2 122  -0.9302631578906269 0.5 0  -0.8618421052612339 0.3736473293984049 0  -0.7973684210482106 0.5 0  0 0 0   1.338944629712836e-05  1.338944629712836e-05  1.338944629712836e-05   0  0  0  
2 123  0.675 0.25 0  0.7334368101756308 0.3752930443838405 0  0.6018393841274419 0.3780662437426328 0  0 0 0   2.275978632864745e-05  2.275978632864745e-05  2.275978632864745e-05   0  0  0  
2 124  1.063157894740451 0.5 0  0.991462639377176 0.3738721838301973 0  1.118415411970121 0.3695410804207735 0  0 0 0   1.538030864111561e-05  1.538030864111561e-05  1.538030864111561e-05   0  0  0  
2 125  -1.118415411968214 0.3695410804206456 0  -0.9914464283091686 0.3738647349698417 0  -1.063157894733116 0.5 0  0 0 0   1.232040613025002e-05  1.232040613025002e-05  1.232040613025002e-05   0  0  0  
2 126  0.1310315212504341 0.2550253293245733 0  -0.001625988874080669 0.2583949392743051 0  0.06536377256076729 0.1307573523250774 0  0 0 0   3.665088261253423e-07  3.665088261253423e-07  3.665088261253423e-07   0  0  0  
2 127  -0.6644736842056709 0.5 0  -0.5976839517406811 0.3828722672942282 0  -0.5315789473632591 0.5 0  0 0 0   6.839071034962912e-06  6.839071034962912e-06  6.839071034962912e-06   0  0  0  
2 128  1.851860248538765 0.2537518236860077 0  1.789713707991381 0.3755107864157464 0  1.716308596322671 0.24521655070725 0  0 0 0   3.880621626651451e-07  3.880621626651451e-07  3.880621626651451e-07   0  0  0  
2 129  -1.716308594239096 0.2452169338568634 0  -1.789713671631333 0.3755114038759447 0  -1.851859999380429 0.2537551624900099 0  0 0 0   3.106307258575009e-07  3.106307258575009e-07  3.106307258575009e-07   0  0  0  
2 130  0.8619393716548953 0.3736920225604106 0  0.991462639377176 0.3738721838301973 0  0.9302631578986951 0.5 0  0 0 0   1.621483693213632e-05  1.621483693213632e-05  1.621483693213632e-05   0  0  0  
2 131  -0.9302631578906269 0.5 0  -0.9914464283091686 0.3738647349698417 0  -0.8618421052612339 0.3736473293984049 0  0 0 0   1.301077182537808e-05  1.301077182537808e-05  1.301077182537808e-05   0  0  0  
2 132  -0.4141333540819757 0.2457230859788843 0  -0.5238059096086255 0.2876658470547385 0  -0.5600308642952025 0.1858939149646727 0  0 0 0   3.273652756361572e-06  3.273652756361572e-06  3.273652756361572e-06   0  0  0  
2 133  -0.3361944663354338 0.126077510073044 0  -0.2016984323129188 0.1321531400507558 0  -0.2672131339431962 0.2662272171969637 0  0 0 0   1.341715488609209e-06  1.341715488609209e-06  1.341715488609209e-06   0  0  0  
2 134  1.851860248538765 0.2537518236860077 0  1.716308596322671 0.24521655070725 0  1.781627759372546 0.1239783251323367 0  0 0 0   2.473194270984449e-07  2.473194270984449e-07  2.473194270984449e-07   0  0  0  
2 135  -1.781627759375348 0.1239783251305548 0  -1.716308594239096 0.2452169338568634 0  -1.851859999380429 0.2537551624900099 0  0 0 0   1.980571924071407e-07  1.980571924071407e-07  1.980571924071407e-07   0  0  0  
2 136  2.189902575562932 0.3679590683905543 0  2.058242233123812 0.3665112499519997 0  2.122253237900066 0.2370546960632258 0  0 0 0   2.768889571644372e-08  2.768889571644372e-08  2.768889571644372e-08   0  0  0  
2 137  -2.122235657233793 0.2372902822461477 0  -2.05823833009473 0.3665632995337724 0  -2.189889463731975 0.3681326527283613 0  0 0 0   2.209861595072866e-08  2.209861595072866e-08  2.209861595072866e-08   0  0  0  
2 138  2.249002786432753 0.2473484046995293 0  2.352811276135765 0.248363357667483 0  2.328469412262105 0.3689574464988836 0  0 0 0   9.980300644560399e-09  9.980300644560399e-09  9.980300644560399e-09   0  0  0  
2 139  -0.2700000000009669 0 0  -0.2016984323129188 0.1321531400507558 0  -0.3361944663354338 0.126077510073044 0  0 0 0   1.029436420395543e-06  1.029436420395543e-06  1.029436420395543e-06   0  0  0  
2 140  0.7999999999991977 0.25 0  0.7334368101756308 0.3752930443838405 0  0.675 0.25 0  0 0 0   1.77544450184713e-05  1.77544450184713e-05  1.77544450184713e-05   0  0  0  
2 141  -1.987765092163374 0.2424358397200841 0  -1.851859999380429 0.2537551624900099 0  -1.925890707040497 0.3807826983951239 0  0 0 0   1.405572287375833e-07  1.405572287375833e-07  1.405572287375833e-07   0  0  0  
2 142  1.925890707042669 0.3807826983961538 0  1.851860248538765 0.2537518236860077 0  1.987767185098708 0.2424077937473487 0  0 0 0   1.756284003837153e-07  1.756284003837153e-07  1.756284003837153e-07   0  0  0  
2 143  -2.32847666802834 0.3690006168348818 0  -2.352815995855712 0.2484321906785443 0  -2.249003784438395 0.2474748257295052 0  0 0 0   8.007617885094115e-09  8.007617885094115e-09  8.007617885094115e-09   0  0  0  
2 144  -0.675 0.25 0  -0.7326556934365809 0.3754371003260705 0  -0.799999999999783 0.25 0  0 0 0   1.415414719891101e-05  1.415414719891101e-05  1.415414719891101e-05   0  0  0  
2 145  0.6018393841274419 0.3780662437426328 0  0.5336360829576148 0.2768508998202883 0  0.675 0.25 0  0 0 0   2.017483225931012e-05  2.017483225931012e-05  2.017483225931012e-05   0  0  0  
2 146  -0.06754859062877704 0.1345705604893188 0  -0.2016984323129188 0.1321531400507558 0  -0.1350000000013701 0 0  0 0 0   6.160301094232608e-07  6.160301094232608e-07  6.160301094232608e-07   0  0  0  
2 147  -0.333833860982987 0.3803852974672287 0  -0.4141333540819757 0.2457230859788843 0  -0.2672131339431962 0.2662272171969637 0  0 0 0   1.93415025934562e-06  1.93415025934562e-06  1.93415025934562e-06   0  0  0  
2 148  -1.925890707040497 0.3807826983951239 0  -2.05823833009473 0.3665632995337724 0  -1.987765092163374 0.2424358397200841 0  0 0 0   5.520434816598022e-08  5.520434816598022e-08  5.520434816598022e-08   0  0  0  
2 149  1.987767185098708 0.2424077937473487 0  2.058242233123812 0.3665112499519997 0  1.925890707042669 0.3807826983961538 0  0 0 0   6.903598680664811e-08  6.903598680664811e-08  6.903598680664811e-08   0  0  0  
2 150  -0.1342344029677687 0.2660435525452081 0  -0.2016984323129188 0.1321531400507558 0  -0.06754859062877704 0.1345705604893188 0  0 0 0   7.19197275354203e-07  7.19197275354203e-07  7.19197275354203e-07   0  0  0  
2 151  1.851860248538765 0.2537518236860077 0  1.9182594024273 0.1228416810376238 0  1.987767185098708 0.2424077937473487 0  0 0 0   1.023486417413412e-07  1.023486417413412e-07  1.023486417413412e-07   0  0  0  
2 152  -1.987765092163374 0.2424358397200841 0  -1.918259012080532 0.1228469118333412 0  -1.851859999380429 0.2537551624900099 0  0 0 0   8.200383479464064e-08  8.200383479464064e-08  8.200383479464064e-08   0  0  0  
2 153  -0.675 0.25 0  -0.5238059096086255 0.2876658470547385 0  -0.5976839517406811 0.3828722672942282 0  0 0 0   1.640157201337226e-05  1.640157201337226e-05  1.640157201337226e-05   0  0  0  
2 154  -0.5600308642952025 0.1858939149646727 0  -0.5238059096086255 0.2876658470547385 0  -0.675 0.25 0  0 0 0   8.48111463232839e-06  8.48111463232839e-06  8.48111463232839e-06   0  0  0  
2 155  -0.5315789473632591 0.5 0  -0.5976839517406811 0.3828722672942282 0  -0.4651315789420555 0.3849097818652278 0  0 0 0   5.264921546007983e-06  5.264921546007983e-06  5.264921546007983e-06   0  0  0  
2 156  1.461841124047262 0.270873356976465 0  1.386977398726453 0.1999237942781819 0  1.498219751530611 0.1345333492988301 0  0 0 0   2.363553462915727e-06  2.363553462915727e-06  2.363553462915727e-06   0  0  0  
2 157  -1.498219693898803 0.1345331293829201 0  -1.386977189649104 0.1999235084502352 0  -1.461841127163222 0.2708721070819828 0  0 0 0   1.89213537400487e-06  1.89213537400487e-06  1.89213537400487e-06   0  0  0  
2 158  1.461841124047262 0.270873356976465 0  1.583201655639066 0.2416341804216923 0  1.524760746747627 0.3762923776091482 0  0 0 0   1.785921830366738e-06  1.785921830366738e-06  1.785921830366738e-06   0  0  0  
2 159  -1.524760785959585 0.3762921145183828 0  -1.583201755633163 0.2416340142744201 0  -1.461841127163222 0.2708721070819828 0  0 0 0   1.429669768201933e-06  1.429669768201933e-06  1.429669768201933e-06   0  0  0  
2 160  1.284889087427831 0.1835219505019154 0  1.328472793299946 0.2873621334082151 0  1.175 0.25 0  0 0 0   1.067883816878754e-05  1.067883816878754e-05  1.067883816878754e-05   0  0  0  
2 161  -1.175 0.25 0  -1.328472764971233 0.2873620613701212 0  -1.284889035973194 0.1835219346536477 0  0 0 0   8.549032808023019e-06  8.549032808023019e-06  8.549032808023019e-06   0  0  0  
2 162  -0.8618421052612339 0.3736473293984049 0  -0.7326556934365809 0.3754371003260705 0  -0.7973684210482106 0.5 0  0 0 0   1.246129119218325e-05  1.246129119218325e-05  1.246129119218325e-05   0  0  0  
2 163  1.175 0.25 0  1.328472793299946 0.2873621334082151 0  1.238781945498637 0.3589933070517556 0  0 0 0   1.854175483585913e-05  1.854175483585913e-05  1.854175483585913e-05   0  0  0  
2 164  -1.238781945498775 0.3589933070513455 0  -1.328472764971233 0.2873620613701212 0  -1.175 0.25 0  0 0 0   1.484294685794621e-05  1.484294685794621e-05  1.484294685794621e-05   0  0  0  
2 165  0.7973684210569756 0.5 0  0.7334368101756308 0.3752930443838405 0  0.8619393716548953 0.3736920225604106 0  0 0 0   1.541135737222392e-05  1.541135737222392e-05  1.541135737222392e-05   0  0  0  
2 166  -2.189889463731975 0.3681326527283613 0  -2.05823833009473 0.3665632995337724 0  -2.126315789472638 0.5 0  0 0 0   3.137987012105374e-08  3.137987012105374e-08  3.137987012105374e-08   0  0  0  
2 167  -1.993421052630151 0.5 0  -2.05823833009473 0.3665632995337724 0  -1.925890707040497 0.3807826983951239 0  0 0 0   7.189860780199081e-08  7.189860780199081e-08  7.189860780199081e-08   0  0  0  
2 168  2.126315789474561 0.5 0  2.058242233123812 0.3665112499519997 0  2.189902575562932 0.3679590683905543 0  0 0 0   3.936899247259075e-08  3.936899247259075e-08  3.936899247259075e-08   0  0  0  
2 169  1.925890707042669 0.3807826983961538 0  2.058242233123812 0.3665112499519997 0  1.993421052632595 0.5 0  0 0 0   8.998004941248181e-08  8.998004941248181e-08  8.998004941248181e-08   0  0  0  
2 170  -0.7326556934365809 0.3754371003260705 0  -0.5976839517406811 0.3828722672942282 0  -0.6644736842056709 0.5 0  0 0 0   1.000006022680358e-05  1.000006022680358e-05  1.000006022680358e-05   0  0  0  
2 171  -0.799999999999783 0.25 0  -0.7326556934365809 0.3754371003260705 0  -0.8618421052612339 0.3736473293984049 0  0 0 0   1.403507761603061e-05  1.403507761603061e-05  1.403507761603061e-05   0  0  0  
2 172  1.498219751530611 0.1345333492988301 0  1.583201655639066 0.2416341804216923 0  1.461841124047262 0.270873356976465 0  0 0 0   1.186885394350074e-06  1.186885394350074e-06  1.186885394350074e-06   0  0  0  
2 173  -1.461841127163222 0.2708721070819828 0  -1.583201755633163 0.2416340142744201 0  -1.498219693898803 0.1345331293829201 0  0 0 0   9.501804066925233e-07  9.501804066925233e-07  9.501804066925233e-07   0  0  0  
2 174  0.8619393716548953 0.3736920225604106 0  0.7334368101756308 0.3752930443838405 0  0.7999999999991977 0.25 0  0 0 0   1.749039515654639e-05  1.749039515654639e-05  1.749039515654639e-05   0  0  0  
2 175  0.06348970987725223 0.3801363237168083 0  -0.001625988874080669 0.2583949392743051 0  0.1310315212504341 0.2550253293245733 0  0 0 0   4.666578231415165e-07  4.666578231415165e-07  4.666578231415165e-07   0  0  0  
2 176  0.3526066797844038 0.1368664130764795 0  0.4653408587794814 0.2037419557559629 0  0.3887026061131132 0.2641887375002069 0  0 0 0   2.275478534720219e-06  2.275478534720219e-06  2.275478534720219e-06   0  0  0  
2 177  -0.675 0.25 0  -0.5976839517406811 0.3828722672942282 0  -0.7326556934365809 0.3754371003260705 0  0 0 0   1.865376981184463e-05  1.865376981184463e-05  1.865376981184463e-05   0  0  0  
2 178  0.3986842105316848 0.5 0  0.4639672598161032 0.3837963991196319 0  0.5315789473735231 0.5 0  0 0 0   3.53607144824938e-06  3.53607144824938e-06  3.53607144824938e-06   0  0  0  
2 179  0.4639672598161032 0.3837963991196319 0  0.3887026061131132 0.2641887375002069 0  0.5336360829576148 0.2768508998202883 0  0 0 0   5.142344799824074e-06  5.142344799824074e-06  5.142344799824074e-06   0  0  0  
2 180  0.3887026061131132 0.2641887375002069 0  0.4653408587794814 0.2037419557559629 0  0.5336360829576148 0.2768508998202883 0  0 0 0   1.79999062577302e-06  1.79999062577302e-06  1.79999062577302e-06   0  0  0  
2 181  1.238781945498637 0.3589933070517556 0  1.328472793299946 0.2873621334082151 0  1.391595441314043 0.3843927921605686 0  0 0 0   3.726797693647334e-06  3.726797693647334e-06  3.726797693647334e-06   0  0  0  
2 182  -1.391595441830349 0.3843925838444772 0  -1.328472764971233 0.2873620613701212 0  -1.238781945498775 0.3589933070513455 0  0 0 0   2.983395385495871e-06  2.983395385495871e-06  2.983395385495871e-06   0  0  0  
2 183  0.3293623277932417 0.3836725136546638 0  0.4639672598161032 0.3837963991196319 0  0.3986842105316848 0.5 0  0 0 0   2.777159461252569e-06  2.777159461252569e-06  2.777159461252569e-06   0  0  0  
2 184  -0.4141333540819757 0.2457230859788843 0  -0.4675357579882912 0.1106600307872205 0  -0.3361944663354338 0.126077510073044 0  0 0 0   2.449518286387744e-06  2.449518286387744e-06  2.449518286387744e-06   0  0  0  
2 185  0.5315789473735231 0.5 0  0.4639672598161032 0.3837963991196319 0  0.6018393841274419 0.3780662437426328 0  0 0 0   7.04521062812091e-06  7.04521062812091e-06  7.04521062812091e-06   0  0  0  
2 186  -1.365141390608082 0.102961892335872 0  -1.386977189649104 0.1999235084502352 0  -1.498219693898803 0.1345331293829201 0  0 0 0   1.576517067905687e-06  1.576517067905687e-06  1.576517067905687e-06   0  0  0  
2 187  1.498219751530611 0.1345333492988301 0  1.386977398726453 0.1999237942781819 0  1.365141509639618 0.1029619626918731 0  0 0 0   1.969315023125651e-06  1.969315023125651e-06  1.969315023125651e-06   0  0  0  
2 188  0.48032156341573 0.1092589289995557 0  0.4653408587794814 0.2037419557559629 0  0.3526066797844038 0.1368664130764795 0  0 0 0   2.004452520969599e-06  2.004452520969599e-06  2.004452520969599e-06   0  0  0  
2 189  2.122253237900066 0.2370546960632258 0  2.058242233123812 0.3665112499519997 0  1.987767185098708 0.2424077937473487 0  0 0 0   7.1767348068178e-08  7.1767348068178e-08  7.1767348068178e-08   0  0  0  
2 190  -1.987765092163374 0.2424358397200841 0  -2.05823833009473 0.3665632995337724 0  -2.122235657233793 0.2372902822461477 0  0 0 0   5.740020555019474e-08  5.740020555019474e-08  5.740020555019474e-08   0  0  0  
2 191  1.716308596322671 0.24521655070725 0  1.646147651627008 0.1213437295806813 0  1.781627759372546 0.1239783251323367 0  0 0 0   5.638180304355898e-07  5.638180304355898e-07  5.638180304355898e-07   0  0  0  
2 192  -1.781627759375348 0.1239783251305548 0  -1.646147668157771 0.121343736733203 0  -1.716308594239096 0.2452169338568634 0  0 0 0   4.514643242310121e-07  4.514643242310121e-07  4.514643242310121e-07   0  0  0  
2 193  0.6018393841274419 0.3780662437426328 0  0.7334368101756308 0.3752930443838405 0  0.6644736842152745 0.5 0  0 0 0   1.228377274777399e-05  1.228377274777399e-05  1.228377274777399e-05   0  0  0  
2 194  0.580196947471433 0.1791913577881213 0  0.4653408587794814 0.2037419557559629 0  0.48032156341573 0.1092589289995557 0  0 0 0   3.367435377580244e-06  3.367435377580244e-06  3.367435377580244e-06   0  0  0  
2 195  -0.4651315789420555 0.3849097818652278 0  -0.5238059096086255 0.2876658470547385 0  -0.4141333540819757 0.2457230859788843 0  0 0 0   3.35301690589793e-06  3.35301690589793e-06  3.35301690589793e-06   0  0  0  
2 196  0.1310315212504341 0.2550253293245733 0  0.06536377256076729 0.1307573523250774 0  0.1977286622339308 0.1230184581399794 0  0 0 0   7.544577695831819e-07  7.544577695831819e-07  7.544577695831819e-07   0  0  0  
2 197  0.6018393841274419 0.3780662437426328 0  0.4639672598161032 0.3837963991196319 0  0.5336360829576148 0.2768508998202883 0  0 0 0   4.517625162389012e-06  4.517625162389012e-06  4.517625162389012e-06   0  0  0  
2 198  -1.851859999380429 0.2537551624900099 0  -1.789713671631333 0.3755114038759447 0  -1.925890707040497 0.3807826983951239 0  0 0 0   1.266270640630016e-07  1.266270640630016e-07  1.266270640630016e-07   0  0  0  
2 199  1.925890707042669 0.3807826983961538 0  1.789713707991381 0.3755107864157464 0  1.851860248538765 0.2537518236860077 0  0 0 0   1.582690415415211e-07  1.582690415415211e-07  1.582690415415211e-07   0  0  0  
2 200  -0.7973684210482106 0.5 0  -0.7326556934365809 0.3754371003260705 0  -0.6644736842056709 0.5 0  0 0 0   1.222284569350182e-05  1.222284569350182e-05  1.222284569350182e-05   0  0  0  
2 201  0.6644736842152745 0.5 0  0.7334368101756308 0.3752930443838405 0  0.7973684210569756 0.5 0  0 0 0   1.516845823745362e-05  1.516845823745362e-05  1.516845823745362e-05   0  0  0  
2 202  0.3293623277932417 0.3836725136546638 0  0.3887026061131132 0.2641887375002069 0  0.4639672598161032 0.3837963991196319 0  0 0 0   1.837737364613082e-06  1.837737364613082e-06  1.837737364613082e-06   0  0  0  
2 203  1.714999999998361 0 0  1.646147651627008 0.1213437295806813 0  1.579999999998847 0 0  0 0 0   7.544788838979633e-07  7.544788838979633e-07  7.544788838979633e-07   0  0  0  
2 204  -1.580000000001197 0 0  -1.646147668157771 0.121343736733203 0  -1.715000000001648 0 0  0 0 0   6.041616955480745e-07  6.041616955480745e-07  6.041616955480745e-07   0  0  0  
2 205  1.579999999998847 0 0  1.646147651627008 0.1213437295806813 0  1.498219751530611 0.1345333492988301 0  0 0 0   1.097669809972178e-06  1.097669809972178e-06  1.097669809972178e-06   0  0  0  
2 206  -1.498219693898803 0.1345331293829201 0  -1.646147668157771 0.121343736733203 0  -1.580000000001197 0 0  0 0 0   8.789093740827906e-07  8.789093740827906e-07  8.789093740827906e-07   0  0  0  
2 207  0.5315789473735231 0.5 0  0.6018393841274419 0.3780662437426328 0  0.6644736842152745 0.5 0  0 0 0   9.017683786092828e-06  9.017683786092828e-06  9.017683786092828e-06   0  0  0  
2 208  -2.188593183284678 0.1177788883609372 0  -2.249003784438395 0.2474748257295052 0  -2.327222025610067 0.1247214336563169 0  0 0 0   1.888332294227446e-08  1.888332294227446e-08  1.888332294227446e-08   0  0  0  
2 209  1.849999999997919 0 0  1.9182594024273 0.1228416810376238 0  1.781627759372546 0.1239783251323367 0  0 0 0   1.839149074232584e-07  1.839149074232584e-07  1.839149074232584e-07   0  0  0  
2 210  -1.781627759375348 0.1239783251305548 0  -1.918259012080532 0.1228469118333412 0  -1.850000000002125 0 0  0 0 0   1.474016391769268e-07  1.474016391769268e-07  1.474016391769268e-07   0  0  0  
2 211  1.984999999998369 0 0  1.9182594024273 0.1228416810376238 0  1.849999999997919 0 0  0 0 0   1.458369301301085e-07  1.458369301301085e-07  1.458369301301085e-07   0  0  0  
2 212  -1.850000000002125 0 0  -1.918259012080532 0.1228469118333412 0  -1.985000000001709 0 0  0 0 0   1.169307743684001e-07  1.169307743684001e-07  1.169307743684001e-07   0  0  0  
2 213  1.781627759372546 0.1239783251323367 0  1.646147651627008 0.1213437295806813 0  1.714999999998361 0 0  0 0 0   4.234471632109677e-07  4.234471632109677e-07  4.234471632109677e-07   0  0  0  
2 214  -1.715000000001648 0 0  -1.646147668157771 0.121343736733203 0  -1.781627759375348 0.1239783251305548 0  0 0 0   3.391522266126732e-07  3.391522266126732e-07  3.391522266126732e-07   0  0  0  
2 215  0.2699999999989291 0 0  0.3526066797844038 0.1368664130764795 0  0.1977286622339308 0.1230184581399794 0  0 0 0   1.379459520176552e-06  1.379459520176552e-06  1.379459520176552e-06   0  0  0  
2 216  2.119999999998768 0 0  2.188606884472916 0.1175804616278035 0  2.053301221557494 0.1169121436600497 0  0 0 0   3.615391112059098e-08  3.615391112059098e-08  3.615391112059098e-08   0  0  0  
2 217  -2.05330122156021 0.1169121436593982 0  -2.188593183284678 0.1177788883609372 0  -2.120000000001292 0 0  0 0 0   2.912928706353989e-08  2.912928706353989e-08  2.912928706353989e-08   0  0  0  
2 218  2.188606884472916 0.1175804616278035 0  2.122253237900066 0.2370546960632258 0  2.053301221557494 0.1169121436600497 0  0 0 0   4.67501739578025e-08  4.67501739578025e-08  4.67501739578025e-08   0  0  0  
2 219  -2.05330122156021 0.1169121436593982 0  -2.122235657233793 0.2372902822461477 0  -2.188593183284678 0.1177788883609372 0  0 0 0   3.756732313926834e-08  3.756732313926834e-08  3.756732313926834e-08   0  0  0  
2 220  0.5399999999995839 0 0  0.48032156341573 0.1092589289995557 0  0.4049999999991414 0 0  0 0 0   3.013993546887251e-06  3.013993546887251e-06  3.013993546887251e-06   0  0  0  
2 221  2.389999999999601 0 0  2.327225561767193 0.1245723792864891 0  2.254999999999045 0 0  0 0 0   1.686964036504597e-08  1.686964036504597e-08  1.686964036504597e-08   0  0  0  
2 222  -2.255000000000833 0 0  -2.327222025610067 0.1247214336563169 0  -2.390000000000442 0 0  0 0 0   1.373464767877643e-08  1.373464767877643e-08  1.373464767877643e-08   0  0  0  
2 223  0.594933241958852 0.08435178579981323 0  0.580196947471433 0.1791913577881213 0  0.48032156341573 0.1092589289995557 0  0 0 0   2.912294430502398e-06  2.912294430502398e-06  2.912294430502398e-06   0  0  0  
2 224  0.48032156341573 0.1092589289995557 0  0.3526066797844038 0.1368664130764795 0  0.4049999999991414 0 0  0 0 0   2.618478391934241e-06  2.618478391934241e-06  2.618478391934241e-06   0  0  0  
2 225  2.327225561767193 0.1245723792864891 0  2.188606884472916 0.1175804616278035 0  2.254999999999045 0 0  0 0 0   1.898476181348304e-08  1.898476181348304e-08  1.898476181348304e-08   0  0  0  
2 226  -2.255000000000833 0 0  -2.188593183284678 0.1177788883609372 0  -2.327222025610067 0.1247214336563169 0  0 0 0   1.538315938372811e-08  1.538315938372811e-08  1.538315938372811e-08   0  0  0  
2 227  -2.122235657233793 0.2372902822461477 0  -2.249003784438395 0.2474748257295052 0  -2.188593183284678 0.1177788883609372 0  0 0 0   1.607423432553359e-08  1.607423432553359e-08  1.607423432553359e-08   0  0  0  
2 228  -0.5315789473632591 0.5 0  -0.4651315789420555 0.3849097818652278 0  -0.3986842105208521 0.5 0  0 0 0   2.837929778011275e-06  2.837929778011275e-06  2.837929778011275e-06   0  0  0  
2 229  2.327225561767193 0.1245723792864891 0  2.249002786432753 0.2473484046995293 0  2.188606884472916 0.1175804616278035 0  0 0 0   2.342741519611515e-08  2.342741519611515e-08  2.342741519611515e-08   0  0  0  
2 230  -1.461842105260469 0.5 0  -1.391595441830349 0.3843925838444772 0  -1.328947368417994 0.5 0  0 0 0   2.79637670760629e-06  2.79637670760629e-06  2.79637670760629e-06   0  0  0  
2 231  1.328947368423926 0.5 0  1.391595441314043 0.3843927921605686 0  1.461842105265621 0.5 0  0 0 0   3.493310339924039e-06  3.493310339924039e-06  3.493310339924039e-06   0  0  0  
2 232  2.188606884472916 0.1175804616278035 0  2.249002786432753 0.2473484046995293 0  2.122253237900066 0.2370546960632258 0  0 0 0   2.000948116369342e-08  2.000948116369342e-08  2.000948116369342e-08   0  0  0  
2 233  2.053301221557494 0.1169121436600497 0  1.9182594024273 0.1228416810376238 0  1.984999999998369 0 0  0 0 0   7.779074378802049e-08  7.779074378802049e-08  7.779074378802049e-08   0  0  0  
2 234  -1.985000000001709 0 0  -1.918259012080532 0.1228469118333412 0  -2.05330122156021 0.1169121436593982 0  0 0 0   6.243202809480457e-08  6.243202809480457e-08  6.243202809480457e-08   0  0  0  
2 235  -0.4651315789420555 0.3849097818652278 0  -0.333833860982987 0.3803852974672287 0  -0.3986842105208521 0.5 0  0 0 0   2.18345793275025e-06  2.18345793275025e-06  2.18345793275025e-06   0  0  0  
2 236  -1.445000000000928 0 0  -1.498219693898803 0.1345331293829201 0  -1.580000000001197 0 0  0 0 0   1.429182860702978e-06  1.429182860702978e-06  1.429182860702978e-06   0  0  0  
2 237  1.579999999998847 0 0  1.498219751530611 0.1345333492988301 0  1.444999999999263 0 0  0 0 0   1.785104569185178e-06  1.785104569185178e-06  1.785104569185178e-06   0  0  0  
2 238  -0.2657894736782902 0.5 0  -0.333833860982987 0.3803852974672287 0  -0.1994792726106998 0.384909461210458 0  0 0 0   8.634533366010844e-07  8.634533366010844e-07  8.634533366010844e-07   0  0  0  
2 239  1.391595441314043 0.3843927921605686 0  1.524760746747627 0.3762923776091482 0  1.461842105265621 0.5 0  0 0 0   2.729448493834181e-06  2.729448493834181e-06  2.729448493834181e-06   0  0  0  
2 240  -1.461842105260469 0.5 0  -1.524760785959585 0.3762921145183828 0  -1.391595441830349 0.3843925838444772 0  0 0 0   2.184891748179358e-06  2.184891748179358e-06  2.184891748179358e-06   0  0  0  
2 241  0.4049999999991414 0 0  0.3526066797844038 0.1368664130764795 0  0.2699999999989291 0 0  0 0 0   2.044977481402991e-06  2.044977481402991e-06  2.044977481402991e-06   0  0  0  
2 242  2.254999999999045 0 0  2.188606884472916 0.1175804616278035 0  2.119999999998768 0 0  0 0 0   2.973222004101369e-08  2.973222004101369e-08  2.973222004101369e-08   0  0  0  
2 243  -2.120000000001292 0 0  -2.188593183284678 0.1177788883609372 0  -2.255000000000833 0 0  0 0 0   2.401665041151495e-08  2.401665041151495e-08  2.401665041151495e-08   0  0  0  
2 244  1.594736842107253 0.5 0  1.524760746747627 0.3762923776091482 0  1.656064801304384 0.3733136457050675 0  0 0 0   1.189862807327607e-06  1.189862807327607e-06  1.189862807327607e-06   0  0  0  
2 245  -1.656064834395029 0.3733136285136712 0  -1.524760785959585 0.3762921145183828 0  -1.594736842102804 0.5 0  0 0 0   9.523674249356623e-07  9.523674249356623e-07  9.523674249356623e-07   0  0  0  
2 246  2.122253237900066 0.2370546960632258 0  1.987767185098708 0.2424077937473487 0  2.053301221557494 0.1169121436600497 0  0 0 0   4.446965790817132e-08  4.446965790817132e-08  4.446965790817132e-08   0  0  0  
2 247  -2.05330122156021 0.1169121436593982 0  -1.987765092163374 0.2424358397200841 0  -2.122235657233793 0.2372902822461477 0  0 0 0   3.571230351655286e-08  3.571230351655286e-08  3.571230351655286e-08   0  0  0  
2 248  -1.715000000001648 0 0  -1.781627759375348 0.1239783251305548 0  -1.850000000002125 0 0  0 0 0   2.677851018122295e-07  2.677851018122295e-07  2.677851018122295e-07   0  0  0  
2 249  2.119999999998768 0 0  2.053301221557494 0.1169121436600497 0  1.984999999998369 0 0  0 0 0   6.245820922214021e-08  6.245820922214021e-08  6.245820922214021e-08   0  0  0  
2 250  0.2699999999989291 0 0  0.1977286622339308 0.1230184581399794 0  0.1349999999986083 0 0  0 0 0   1.006754995460699e-06  1.006754995460699e-06  1.006754995460699e-06   0  0  0  
2 251  1.849999999997919 0 0  1.781627759372546 0.1239783251323367 0  1.714999999998361 0 0  0 0 0   3.342789278448992e-07  3.342789278448992e-07  3.342789278448992e-07   0  0  0  
2 252  -1.985000000001709 0 0  -2.05330122156021 0.1169121436593982 0  -2.120000000001292 0 0  0 0 0   5.016828240285901e-08  5.016828240285901e-08  5.016828240285901e-08   0  0  0  
2 253  -0.2700000000009669 0 0  -0.3361944663354338 0.126077510073044 0  -0.4050000000005939 0 0  0 0 0   1.58648432383907e-06  1.58648432383907e-06  1.58648432383907e-06   0  0  0  
2 254  -1.75603975804961e-12 0 0  -0.06754859062877704 0.1345705604893188 0  -0.1350000000013701 0 0  0 0 0   6.513975532934172e-07  6.513975532934172e-07  6.513975532934172e-07   0  0  0  
2 255  -0.333833860982987 0.3803852974672287 0  -0.2672131339431962 0.2662272171969637 0  -0.1994792726106998 0.384909461210458 0  0 0 0   6.12382502436861e-07  6.12382502436861e-07  6.12382502436861e-07   0  0  0  
2 256  -0.3986842105208521 0.5 0  -0.333833860982987 0.3803852974672287 0  -0.2657894736782902 0.5 0  0 0 0   1.118010888330377e-06  1.118010888330377e-06  1.118010888330377e-06   0  0  0  
2 257  1.391595441314043 0.3843927921605686 0  1.461841124047262 0.270873356976465 0  1.524760746747627 0.3762923776091482 0  0 0 0   1.722175095151134e-06  1.722175095151134e-06  1.722175095151134e-06   0  0  0  
2 258  -1.524760785959585 0.3762921145183828 0  -1.461841127163222 0.2708721070819828 0  -1.391595441830349 0.3843925838444772 0  0 0 0   1.378575310167238e-06  1.378575310167238e-06  1.378575310167238e-06   0  0  0  
2 259  1.461842105265621 0.5 0  1.524760746747627 0.3762923776091482 0  1.594736842107253 0.5 0  0 0 0   1.543661712710286e-06  1.543661712710286e-06  1.543661712710286e-06   0  0  0  
2 260  -1.594736842102804 0.5 0  -1.524760785959585 0.3762921145183828 0  -1.461842105260469 0.5 0  0 0 0   1.235553382107742e-06  1.235553382107742e-06  1.235553382107742e-06   0  0  0  
2 261  1.987767185098708 0.2424077937473487 0  1.9182594024273 0.1228416810376238 0  2.053301221557494 0.1169121436600497 0  0 0 0   1.087375516619732e-07  1.087375516619732e-07  1.087375516619732e-07   0  0  0  
2 262  -2.05330122156021 0.1169121436593982 0  -1.918259012080532 0.1228469118333412 0  -1.987765092163374 0.2424358397200841 0  0 0 0   8.717854995574257e-08  8.717854995574257e-08  8.717854995574257e-08   0  0  0  
2 263  0.3293623277932417 0.3836725136546638 0  0.2621576076116114 0.2518529760943345 0  0.3887026061131132 0.2641887375002069 0  0 0 0   1.980254289990765e-06  1.980254289990765e-06  1.980254289990765e-06   0  0  0  
2 264  -0.1328947368358917 0.5 0  -0.06785794333639192 0.3838365172448446 0  6.59294840943403e-12 0.5 0  0 0 0   1.746119815502811e-07  1.746119815502811e-07  1.746119815502811e-07   0  0  0  
2 265  1.594736842107253 0.5 0  1.656064801304384 0.3733136457050675 0  1.727631578949087 0.5 0  0 0 0   6.653654381816511e-07  6.653654381816511e-07  6.653654381816511e-07   0  0  0  
2 266  -1.993421052630151 0.5 0  -1.925890707040497 0.3807826983951239 0  -1.860526315787672 0.5 0  0 0 0   8.861663025894349e-08  8.861663025894349e-08  8.861663025894349e-08   0  0  0  
2 267  -2.259210526315035 0.5 0  -2.189889463731975 0.3681326527283613 0  -2.126315789472638 0.5 0  0 0 0   1.525404268654723e-08  1.525404268654723e-08  1.525404268654723e-08   0  0  0  
2 268  -0.2657894736782902 0.5 0  -0.1994792726106998 0.384909461210458 0  -0.1328947368358917 0.5 0  0 0 0   4.007775235476044e-07  4.007775235476044e-07  4.007775235476044e-07   0  0  0  
2 269  -1.727631578945275 0.5 0  -1.656064834395029 0.3733136285136712 0  -1.594736842102804 0.5 0  0 0 0   5.324576950915177e-07  5.324576950915177e-07  5.324576950915177e-07   0  0  0  
2 270  1.860526315790711 0.5 0  1.925890707042669 0.3807826983961538 0  1.993421052632595 0.5 0  0 0 0   1.108815442483911e-07  1.108815442483911e-07  1.108815442483911e-07   0  0  0  
2 271  6.59294840943403e-12 0.5 0  0.06348970987725223 0.3801363237168083 0  0.1328947368482867 0.5 0  0 0 0   2.070927232803135e-07  2.070927232803135e-07  2.070927232803135e-07   0  0  0  
2 272  2.126315789474561 0.5 0  2.189902575562932 0.3679590683905543 0  2.259210526316265 0.5 0  0 0 0   1.923276787683841e-08  1.923276787683841e-08  1.923276787683841e-08   0  0  0  
2 273  0.2657894736901545 0.5 0  0.3293623277932417 0.3836725136546638 0  0.3986842105316848 0.5 0  0 0 0   1.362754945367686e-06  1.362754945367686e-06  1.362754945367686e-06   0  0  0  
2 274  -0.1342344029677687 0.2660435525452081 0  -0.06785794333639192 0.3838365172448446 0  -0.1994792726106998 0.384909461210458 0  0 0 0   2.616937868014604e-07  2.616937868014604e-07  2.616937868014604e-07   0  0  0  
2 275  6.59294840943403e-12 0.5 0  -0.06785794333639192 0.3838365172448446 0  0.06348970987725223 0.3801363237168083 0  0 0 0   2.396060076958432e-07  2.396060076958432e-07  2.396060076958432e-07   0  0  0  
2 276  -0.1994792726106998 0.384909461210458 0  -0.06785794333639192 0.3838365172448446 0  -0.1328947368358917 0.5 0  0 0 0   3.39317066012398e-07  3.39317066012398e-07  3.39317066012398e-07   0  0  0  
2 277  -0.2672131339431962 0.2662272171969637 0  -0.2016984323129188 0.1321531400507558 0  -0.1342344029677687 0.2660435525452081 0  0 0 0   5.616985260934706e-07  5.616985260934706e-07  5.616985260934706e-07   0  0  0  
2 278  -0.2672131339431962 0.2662272171969637 0  -0.1342344029677687 0.2660435525452081 0  -0.1994792726106998 0.384909461210458 0  0 0 0   7.086837129145634e-07  7.086837129145634e-07  7.086837129145634e-07   0  0  0  
2 279  -1.925890707040497 0.3807826983951239 0  -1.789713671631333 0.3755114038759447 0  -1.860526315787672 0.5 0  0 0 0   1.721595813199047e-07  1.721595813199047e-07  1.721595813199047e-07   0  0  0  
2 280  -1.727631578945275 0.5 0  -1.789713671631333 0.3755114038759447 0  -1.656064834395029 0.3733136285136712 0  0 0 0   4.099258311418415e-07  4.099258311418415e-07  4.099258311418415e-07   0  0  0  
2 281  1.656064801304384 0.3733136457050675 0  1.789713707991381 0.3755107864157464 0  1.727631578949087 0.5 0  0 0 0   5.122457520238542e-07  5.122457520238542e-07  5.122457520238542e-07   0  0  0  
2 282  1.860526315790711 0.5 0  1.789713707991381 0.3755107864157464 0  1.925890707042669 0.3807826983961538 0  0 0 0   2.152240958786015e-07  2.152240958786015e-07  2.152240958786015e-07   0  0  0  
2 283  0.675 0.1249999999996736 0  0.594933241958852 0.08435178579981323 0  0.675 0 0  0 0 0   3.479037621799577e-06  3.479037621799577e-06  3.479037621799577e-06   0  0  0  
2 284  0.1977286622339308 0.1230184581399794 0  0.06536377256076729 0.1307573523250774 0  0.1349999999986083 0 0  0 0 0   6.473902807806911e-07  6.473902807806911e-07  6.473902807806911e-07   0  0  0  
2 285  -1.75603975804961e-12 0 0  0.06536377256076729 0.1307573523250774 0  -0.06754859062877704 0.1345705604893188 0  0 0 0   5.131757329959037e-07  5.131757329959037e-07  5.131757329959037e-07   0  0  0  
2 286  2.525 0.374999999999671 0  2.428294801289809 0.3098971259057942 0  2.525 0.2499999999993472 0  0 0 0   2.742136981699474e-09  2.742136981699474e-09  2.742136981699474e-09   0  0  0  
2 287  -2.525 0.2500000000010293 0  -2.428303787602641 0.3098974383325317 0  -2.525 0.3750000000001731 0  0 0 0   2.239732809738268e-09  2.239732809738268e-09  2.239732809738268e-09   0  0  0  
2 288  -1.860526315787672 0.5 0  -1.789713671631333 0.3755114038759447 0  -1.727631578945275 0.5 0  0 0 0   2.22004324219738e-07  2.22004324219738e-07  2.22004324219738e-07   0  0  0  
2 289  1.727631578949087 0.5 0  1.789713707991381 0.3755107864157464 0  1.860526315790711 0.5 0  0 0 0   2.775315461180055e-07  2.775315461180055e-07  2.775315461180055e-07   0  0  0  
2 290  -1.175 0.25 0  -1.284889035973194 0.1835219346536477 0  -1.175 0.1249999999996736 0  0 0 0   4.975821960433657e-06  4.975821960433657e-06  4.975821960433657e-06   0  0  0  
2 291  1.175 0.1250000000005146 0  1.284889087427831 0.1835219505019154 0  1.175 0.25 0  0 0 0   6.215065755894886e-06  6.215065755894886e-06  6.215065755894886e-06   0  0  0  
2 292  0.675 0 0  0.594933241958852 0.08435178579981323 0  0.5399999999995839 0 0  0 0 0   3.489052814684165e-06  3.489052814684165e-06  3.489052814684165e-06   0  0  0  
2 293  -0.675 0.1250000000005146 0  -0.5600308642952025 0.1858939149646727 0  -0.675 0.25 0  0 0 0   5.562024581260064e-06  5.562024581260064e-06  5.562024581260064e-06   0  0  0  
2 294  1.050000000000044 0.25 0  0.991462639377176 0.3738721838301973 0  0.9249999999988507 0.25 0  0 0 0   1.63529772228262e-05  1.63529772228262e-05  1.63529772228262e-05   0  0  0  
2 295  -0.799999999999783 0.25 0  -0.8618421052612339 0.3736473293984049 0  -0.9250000000009323 0.25 0  0 0 0   1.301092619258045e-05  1.301092619258045e-05  1.301092619258045e-05   0  0  0  
2 296  1.175 0.25 0  1.118415411970121 0.3695410804207735 0  1.050000000000044 0.25 0  0 0 0   1.732252771926873e-05  1.732252771926873e-05  1.732252771926873e-05   0  0  0  
2 297  0.9249999999988507 0.25 0  0.8619393716548953 0.3736920225604106 0  0.7999999999991977 0.25 0  0 0 0   1.627153084214911e-05  1.627153084214911e-05  1.627153084214911e-05   0  0  0  
2 298  -0.9250000000009323 0.25 0  -0.9914464283091686 0.3738647349698417 0  -1.050000000000889 0.25 0  0 0 0   1.309067350160415e-05  1.309067350160415e-05  1.309067350160415e-05   0  0  0  
2 299  -1.050000000000889 0.25 0  -1.118415411968214 0.3695410804206456 0  -1.175 0.25 0  0 0 0   1.38670586936772e-05  1.38670586936772e-05  1.38670586936772e-05   0  0  0  
2 300  -1.310000000000451 0 0  -1.365141390608082 0.102961892335872 0  -1.445000000000928 0 0  0 0 0   2.089586568646191e-06  2.089586568646191e-06  2.089586568646191e-06   0  0  0  
2 301  1.444999999999263 0 0  1.365141509639618 0.1029619626918731 0  1.309999999999645 0 0  0 0 0   2.610327822996829e-06  2.610327822996829e-06  2.610327822996829e-06   0  0  0  
2 302  -0.4050000000005939 0 0  -0.4675357579882912 0.1106600307872205 0  -0.5400000000002341 0 0  0 0 0   2.462752474159963e-06  2.462752474159963e-06  2.462752474159963e-06   0  0  0  
2 303  -2.392105263157495 0.5 0  -2.32847666802834 0.3690006168348818 0  -2.259210526315035 0.5 0  0 0 0   4.431300081979902e-09  4.431300081979902e-09  4.431300081979902e-09   0  0  0  
2 304  2.259210526316265 0.5 0  2.328469412262105 0.3689574464988836 0  2.392105263158133 0.5 0  0 0 0   5.652099617889196e-09  5.652099617889196e-09  5.652099617889196e-09   0  0  0  
2 305  -0.06785794333639192 0.3838365172448446 0  -0.001625988874080669 0.2583949392743051 0  0.06348970987725223 0.3801363237168083 0  0 0 0   1.922644748179822e-07  1.922644748179822e-07  1.922644748179822e-07   0  0  0  
2 306  1.175 0.25 0  1.238781945498637 0.3589933070517556 0  1.118415411970121 0.3695410804207735 0  0 0 0   1.993185257240964e-05  1.993185257240964e-05  1.993185257240964e-05   0  0  0  
2 307  -1.118415411968214 0.3695410804206456 0  -1.238781945498775 0.3589933070513455 0  -1.175 0.25 0  0 0 0   1.595463090444314e-05  1.595463090444314e-05  1.595463090444314e-05   0  0  0  
2 308  0.06348970987725223 0.3801363237168083 0  0.1974542295118301 0.37844785713173 0  0.1328947368482867 0.5 0  0 0 0   4.504926979668525e-07  4.504926979668525e-07  4.504926979668525e-07   0  0  0  
2 309  0.2657894736901545 0.5 0  0.1974542295118301 0.37844785713173 0  0.3293623277932417 0.3836725136546638 0  0 0 0   1.085869223563281e-06  1.085869223563281e-06  1.085869223563281e-06   0  0  0  
2 310  1.646147651627008 0.1213437295806813 0  1.583201655639066 0.2416341804216923 0  1.498219751530611 0.1345333492988301 0  0 0 0   1.423601323352895e-06  1.423601323352895e-06  1.423601323352895e-06   0  0  0  
2 311  -1.498219693898803 0.1345331293829201 0  -1.583201755633163 0.2416340142744201 0  -1.646147668157771 0.121343736733203 0  0 0 0   1.139730991665401e-06  1.139730991665401e-06  1.139730991665401e-06   0  0  0  
2 312  0.3293623277932417 0.3836725136546638 0  0.1974542295118301 0.37844785713173 0  0.2621576076116114 0.2518529760943345 0  0 0 0   8.203815146293042e-07  8.203815146293042e-07  8.203815146293042e-07   0  0  0  
2 313  0.1349999999986083 0 0  0.06536377256076729 0.1307573523250774 0  -1.75603975804961e-12 0 0  0 0 0   6.710921358994562e-07  6.710921358994562e-07  6.710921358994562e-07   0  0  0  
2 314  1.118415411970121 0.3695410804207735 0  0.991462639377176 0.3738721838301973 0  1.050000000000044 0.25 0  0 0 0   1.710086625909357e-05  1.710086625909357e-05  1.710086625909357e-05   0  0  0  
2 315  0.9249999999988507 0.25 0  0.991462639377176 0.3738721838301973 0  0.8619393716548953 0.3736920225604106 0  0 0 0   1.690486461387899e-05  1.690486461387899e-05  1.690486461387899e-05   0  0  0  
2 316  -0.8618421052612339 0.3736473293984049 0  -0.9914464283091686 0.3738647349698417 0  -0.9250000000009323 0.25 0  0 0 0   1.353295149905792e-05  1.353295149905792e-05  1.353295149905792e-05   0  0  0  
2 317  -1.050000000000889 0.25 0  -0.9914464283091686 0.3738647349698417 0  -1.118415411968214 0.3695410804206456 0  0 0 0   1.369092686436905e-05  1.369092686436905e-05  1.369092686436905e-05   0  0  0  
2 318  -2.428303787602641 0.3098974383325317 0  -2.352815995855712 0.2484321906785443 0  -2.32847666802834 0.3690006168348818 0  0 0 0   3.508900154310792e-09  3.508900154310792e-09  3.508900154310792e-09   0  0  0  
2 319  2.328469412262105 0.3689574464988836 0  2.352811276135765 0.248363357667483 0  2.428294801289809 0.3098971259057942 0  0 0 0   4.387164092287804e-09  4.387164092287804e-09  4.387164092287804e-09   0  0  0  
2 320  -0.1342344029677687 0.2660435525452081 0  -0.001625988874080669 0.2583949392743051 0  -0.06785794333639192 0.3838365172448446 0  0 0 0   4.146259409670273e-07  4.146259409670273e-07  4.146259409670273e-07   0  0  0  
2 321  0.1328947368482867 0.5 0  0.1974542295118301 0.37844785713173 0  0.2657894736901545 0.5 0  0 0 0   5.329429541119534e-07  5.329429541119534e-07  5.329429541119534e-07   0  0  0  
2 322  -2.525 0.2500000000010293 0  -2.431073713599118 0.1910666388394858 0  -2.428303787602641 0.3098974383325317 0  0 0 0   3.452502673366314e-09  3.452502673366314e-09  3.452502673366314e-09   0  0  0  
2 323  2.428294801289809 0.3098971259057942 0  2.431063818926968 0.1910414319467191 0  2.525 0.2499999999993472 0  0 0 0   4.270066825084872e-09  4.270066825084872e-09  4.270066825084872e-09   0  0  0  
2 324  1.716308596322671 0.24521655070725 0  1.583201655639066 0.2416341804216923 0  1.646147651627008 0.1213437295806813 0  0 0 0   5.452359539417395e-07  5.452359539417395e-07  5.452359539417395e-07   0  0  0  
2 325  -1.646147668157771 0.121343736733203 0  -1.583201755633163 0.2416340142744201 0  -1.716308594239096 0.2452169338568634 0  0 0 0   4.365516052902124e-07  4.365516052902124e-07  4.365516052902124e-07   0  0  0  
2 326  -1.445000000000928 0 0  -1.365141390608082 0.102961892335872 0  -1.498219693898803 0.1345331293829201 0  0 0 0   1.991042207938724e-06  1.991042207938724e-06  1.991042207938724e-06   0  0  0  
2 327  1.498219751530611 0.1345333492988301 0  1.365141509639618 0.1029619626918731 0  1.444999999999263 0 0  0 0 0   2.487016697055373e-06  2.487016697055373e-06  2.487016697055373e-06   0  0  0  
2 328  -2.525 0.12500000000052 0  -2.431073713599118 0.1910666388394858 0  -2.525 0.2500000000010293 0  0 0 0   4.443226918374333e-09  4.443226918374333e-09  4.443226918374333e-09   0  0  0  
2 329  2.525 0.2499999999993472 0  2.431063818926968 0.1910414319467191 0  2.525 0.1249999999997063 0  0 0 0   5.422253301567634e-09  5.422253301567634e-09  5.422253301567634e-09   0  0  0  
2 330  -0.3361944663354338 0.126077510073044 0  -0.4675357579882912 0.1106600307872205 0  -0.4050000000005939 0 0  0 0 0   1.905991773148337e-06  1.905991773148337e-06  1.905991773148337e-06   0  0  0  
2 331  -1.461841127163222 0.2708721070819828 0  -1.328472764971233 0.2873620613701212 0  -1.391595441830349 0.3843925838444772 0  0 0 0   3.176016735200425e-06  3.176016735200425e-06  3.176016735200425e-06   0  0  0  
2 332  1.391595441314043 0.3843927921605686 0  1.328472793299946 0.2873621334082151 0  1.461841124047262 0.270873356976465 0  0 0 0   3.967351906491993e-06  3.967351906491993e-06  3.967351906491993e-06   0  0  0  
2 333  -2.259210526315035 0.5 0  -2.32847666802834 0.3690006168348818 0  -2.189889463731975 0.3681326527283613 0  0 0 0   1.248267915790668e-08  1.248267915790668e-08  1.248267915790668e-08   0  0  0  
2 334  2.189902575562932 0.3679590683905543 0  2.328469412262105 0.3689574464988836 0  2.259210526316265 0.5 0  0 0 0   1.571244039111558e-08  1.571244039111558e-08  1.571244039111558e-08   0  0  0  
2 335  2.392105263158133 0.5 0  2.43977389534201 0.4107709144808698 0  2.525 0.5 0  0 0 0   8.507755875118522e-10  8.507755875118522e-10  8.507755875118522e-10   0  0  0  
2 336  -2.525 0.5 0  -2.439777143757696 0.4107796110335173 0  -2.392105263157495 0.5 0  0 0 0   6.505389539779219e-10  6.505389539779219e-10  6.505389539779219e-10   0  0  0  
2 337  -1.175 0 0  -1.267601456310517 0.08960957281511284 0  -1.310000000000451 0 0  0 0 0   2.86671629892359e-06  2.86671629892359e-06  2.86671629892359e-06   0  0  0  
2 338  1.309999999999645 0 0  1.267601456310407 0.08960957281550598 0  1.175 0 0  0 0 0   3.582620708344888e-06  3.582620708344888e-06  3.582620708344888e-06   0  0  0  
2 339  -0.5400000000002341 0 0  -0.5823985436895786 0.08960957281548028 0  -0.675 0 0  0 0 0   2.992482509694163e-06  2.992482509694163e-06  2.992482509694163e-06   0  0  0  
2 340  -0.5976839517406811 0.3828722672942282 0  -0.5238059096086255 0.2876658470547385 0  -0.4651315789420555 0.3849097818652278 0  0 0 0   3.115353524823528e-06  3.115353524823528e-06  3.115353524823528e-06   0  0  0  
2 341  0.5336360829576148 0.2768508998202883 0  0.4653408587794814 0.2037419557559629 0  0.580196947471433 0.1791913577881213 0  0 0 0   3.997900058491644e-06  3.997900058491644e-06  3.997900058491644e-06   0  0  0  
2 342  -2.390000000000442 0 0  -2.436270316880626 0.08868800377343072 0  -2.525 0 0  0 0 0   6.540248409776885e-09  6.540248409776885e-09  6.540248409776885e-09   0  0  0  
2 343  2.525 0 0  2.436269668052648 0.08867022201141803 0  2.389999999999601 0 0  0 0 0   7.864712548062834e-09  7.864712548062834e-09  7.864712548062834e-09   0  0  0  
2 344  2.525 0.5 0  2.43977389534201 0.4107709144808698 0  2.525 0.374999999999671 0  0 0 0   5.879853560368687e-10  5.879853560368687e-10  5.879853560368687e-10   0  0  0  
2 345  -2.525 0.3750000000001731 0  -2.439777143757696 0.4107796110335173 0  -2.525 0.5 0  0 0 0   4.85924853071566e-10  4.85924853071566e-10  4.85924853071566e-10   0  0  0  
2 346  1.175 0 0  1.267601456310407 0.08960957281550598 0  1.175 0.1250000000005146 0  0 0 0   3.871104107400469e-06  3.871104107400469e-06  3.871104107400469e-06   0  0  0  
2 347  -1.175 0.1249999999996736 0  -1.267601456310517 0.08960957281511284 0  -1.175 0 0  0 0 0   3.098893120427235e-06  3.098893120427235e-06  3.098893120427235e-06   0  0  0  
2 348  -0.675 0 0  -0.5823985436895786 0.08960957281548028 0  -0.675 0.1250000000005146 0  0 0 0   3.271181704884536e-06  3.271181704884536e-06  3.271181704884536e-06   0  0  0  
2 349  -2.525 0 0  -2.436270316880626 0.08868800377343072 0  -2.525 0.12500000000052 0  0 0 0   5.488411996220221e-09  5.488411996220221e-09  5.488411996220221e-09   0  0  0  
2 350  2.525 0.1249999999997063 0  2.436269668052648 0.08867022201141803 0  2.525 0 0  0 0 0   6.638839437301318e-09  6.638839437301318e-09  6.638839437301318e-09   0  0  0  
2 351  -2.249003784438395 0.2474748257295052 0  -2.352815995855712 0.2484321906785443 0  -2.327222025610067 0.1247214336563169 0  0 0 0   6.705259620693592e-09  6.705259620693592e-09  6.705259620693592e-09   0  0  0  
2 352  2.327225561767193 0.1245723792864891 0  2.352811276135765 0.248363357667483 0  2.249002786432753 0.2473484046995293 0  0 0 0   8.31964135669714e-09  8.31964135669714e-09  8.31964135669714e-09   0  0  0  
2 353  2.431063818926968 0.1910414319467191 0  2.352811276135765 0.248363357667483 0  2.327225561767193 0.1245723792864891 0  0 0 0   7.131124983317322e-09  7.131124983317322e-09  7.131124983317322e-09   0  0  0  
2 354  -2.327222025610067 0.1247214336563169 0  -2.352815995855712 0.2484321906785443 0  -2.431073713599118 0.1910666388394858 0  0 0 0   5.782737727657168e-09  5.782737727657168e-09  5.782737727657168e-09   0  0  0  
2 355  -1.310000000000451 0 0  -1.267601456310517 0.08960957281511284 0  -1.365141390608082 0.102961892335872 0  0 0 0   1.97042156716514e-06  1.97042156716514e-06  1.97042156716514e-06   0  0  0  
2 356  1.365141509639618 0.1029619626918731 0  1.267601456310407 0.08960957281550598 0  1.309999999999645 0 0  0 0 0   2.461415761241857e-06  2.461415761241857e-06  2.461415761241857e-06   0  0  0  
2 357  -0.4675357579882912 0.1106600307872205 0  -0.5823985436895786 0.08960957281548028 0  -0.5400000000002341 0 0  0 0 0   2.376124166862921e-06  2.376124166862921e-06  2.376124166862921e-06   0  0  0  
2 358  0.5336360829576148 0.2768508998202883 0  0.580196947471433 0.1791913577881213 0  0.675 0.25 0  0 0 0   9.717390988470836e-06  9.717390988470836e-06  9.717390988470836e-06   0  0  0  
2 359  -2.392105263157495 0.5 0  -2.439777143757696 0.4107796110335173 0  -2.32847666802834 0.3690006168348818 0  0 0 0   2.537330938980711e-09  2.537330938980711e-09  2.537330938980711e-09   0  0  0  
2 360  2.328469412262105 0.3689574464988836 0  2.43977389534201 0.4107709144808698 0  2.392105263158133 0.5 0  0 0 0   3.209240751699887e-09  3.209240751699887e-09  3.209240751699887e-09   0  0  0  
2 361  -1.365141390608082 0.102961892335872 0  -1.267601456310517 0.08960957281511284 0  -1.284889035973194 0.1835219346536477 0  0 0 0   1.899695666971719e-06  1.899695666971719e-06  1.899695666971719e-06   0  0  0  
2 362  1.284889087427831 0.1835219505019154 0  1.267601456310407 0.08960957281550598 0  1.365141509639618 0.1029619626918731 0  0 0 0   2.373122235761802e-06  2.373122235761802e-06  2.373122235761802e-06   0  0  0  
2 363  2.389999999999601 0 0  2.436269668052648 0.08867022201141803 0  2.327225561767193 0.1245723792864891 0  0 0 0   7.664851186493443e-09  7.664851186493443e-09  7.664851186493443e-09   0  0  0  
2 364  -2.327222025610067 0.1247214336563169 0  -2.436270316880626 0.08868800377343072 0  -2.390000000000442 0 0  0 0 0   6.286882626211684e-09  6.286882626211684e-09  6.286882626211684e-09   0  0  0  
2 365  -0.5600308642952025 0.1858939149646727 0  -0.5823985436895786 0.08960957281548028 0  -0.4675357579882912 0.1106600307872205 0  0 0 0   2.235873782936801e-06  2.235873782936801e-06  2.235873782936801e-06   0  0  0  
2 366  0.5399999999995839 0 0  0.594933241958852 0.08435178579981323 0  0.48032156341573 0.1092589289995557 0  0 0 0   3.148029691297268e-06  3.148029691297268e-06  3.148029691297268e-06   0  0  0  
2 367  -2.32847666802834 0.3690006168348818 0  -2.439777143757696 0.4107796110335173 0  -2.428303787602641 0.3098974383325317 0  0 0 0   1.683337087213995e-09  1.683337087213995e-09  1.683337087213995e-09   0  0  0  
2 368  2.428294801289809 0.3098971259057942 0  2.43977389534201 0.4107709144808698 0  2.328469412262105 0.3689574464988836 0  0 0 0   2.107424187505532e-09  2.107424187505532e-09  2.107424187505532e-09   0  0  0  
2 369  1.328472793299946 0.2873621334082151 0  1.386977398726453 0.1999237942781819 0  1.461841124047262 0.270873356976465 0  0 0 0   1.876748631405747e-06  1.876748631405747e-06  1.876748631405747e-06   0  0  0  
2 370  -1.461841127163222 0.2708721070819828 0  -1.386977189649104 0.1999235084502352 0  -1.328472764971233 0.2873620613701212 0  0 0 0   1.502398170047662e-06  1.502398170047662e-06  1.502398170047662e-06   0  0  0  
2 371  2.525 0.374999999999671 0  2.43977389534201 0.4107709144808698 0  2.428294801289809 0.3098971259057942 0  0 0 0   1.570476516364579e-09  1.570476516364579e-09  1.570476516364579e-09   0  0  0  
2 372  -2.428303787602641 0.3098974383325317 0  -2.439777143757696 0.4107796110335173 0  -2.525 0.3750000000001731 0  0 0 0   1.254375373631626e-09  1.254375373631626e-09  1.254375373631626e-09   0  0  0  
2 373  1.175 0.1250000000005146 0  1.267601456310407 0.08960957281550598 0  1.284889087427831 0.1835219505019154 0  0 0 0   3.658465604167356e-06  3.658465604167356e-06  3.658465604167356e-06   0  0  0  
2 374  -1.284889035973194 0.1835219346536477 0  -1.267601456310517 0.08960957281511284 0  -1.175 0.1249999999996736 0  0 0 0   2.929095839673066e-06  2.929095839673066e-06  2.929095839673066e-06   0  0  0  
2 375  -0.675 0.1250000000005146 0  -0.5823985436895786 0.08960957281548028 0  -0.5600308642952025 0.1858939149646727 0  0 0 0   3.251729117876021e-06  3.251729117876021e-06  3.251729117876021e-06   0  0  0  
2 376  0.675 0.25 0  0.580196947471433 0.1791913577881213 0  0.675 0.1249999999996736 0  0 0 0   5.640503092806011e-06  5.640503092806011e-06  5.640503092806011e-06   0  0  0  
2 377  1.365141509639618 0.1029619626918731 0  1.386977398726453 0.1999237942781819 0  1.284889087427831 0.1835219505019154 0  0 0 0   2.833817856157066e-06  2.833817856157066e-06  2.833817856157066e-06   0  0  0  
2 378  -1.284889035973194 0.1835219346536477 0  -1.386977189649104 0.1999235084502352 0  -1.365141390608082 0.102961892335872 0  0 0 0   2.268642750115324e-06  2.268642750115324e-06  2.268642750115324e-06   0  0  0  
2 379  2.327225561767193 0.1245723792864891 0  2.436269668052648 0.08867022201141803 0  2.431063818926968 0.1910414319467191 0  0 0 0   8.09681262416551e-09  8.09681262416551e-09  8.09681262416551e-09   0  0  0  
2 380  -2.431073713599118 0.1910666388394858 0  -2.436270316880626 0.08868800377343072 0  -2.327222025610067 0.1247214336563169 0  0 0 0   6.594208946102366e-09  6.594208946102366e-09  6.594208946102366e-09   0  0  0  
2 381  2.428294801289809 0.3098971259057942 0  2.352811276135765 0.248363357667483 0  2.431063818926968 0.1910414319467191 0  0 0 0   4.351486637841962e-09  4.351486637841962e-09  4.351486637841962e-09   0  0  0  
2 382  -2.431073713599118 0.1910666388394858 0  -2.352815995855712 0.2484321906785443 0  -2.428303787602641 0.3098974383325317 0  0 0 0   3.518716554931383e-09  3.518716554931383e-09  3.518716554931383e-09   0  0  0  
2 383  -2.525 0.12500000000052 0  -2.436270316880626 0.08868800377343072 0  -2.431073713599118 0.1910666388394858 0  0 0 0   4.229506820140247e-09  4.229506820140247e-09  4.229506820140247e-09   0  0  0  
2 384  2.431063818926968 0.1910414319467191 0  2.436269668052648 0.08867022201141803 0  2.525 0.1249999999997063 0  0 0 0   5.128864951688128e-09  5.128864951688128e-09  5.128864951688128e-09   0  0  0  
2 385  1.284889087427831 0.1835219505019154 0  1.386977398726453 0.1999237942781819 0  1.328472793299946 0.2873621334082151 0  0 0 0   3.884695851830655e-06  3.884695851830655e-06  3.884695851830655e-06   0  0  0  
2 386  -1.328472764971233 0.2873620613701212 0  -1.386977189649104 0.1999235084502352 0  -1.284889035973194 0.1835219346536477 0  0 0 0   3.109799879501131e-06  3.109799879501131e-06  3.109799879501131e-06   0  0  0  
2 387  0.675 0.1249999999996736 0  0.580196947471433 0.1791913577881213 0  0.594933241958852 0.08435178579981323 0  0 0 0   3.399591604732003e-06  3.399591604732003e-06  3.399591604732003e-06   0  0  0  
