2 388  -1.12 0.07499999999986835 0  -1.12 0.09999999999993417 0  -1.14834936490554 0.08750000000008665 0  0 0 0   139631.1114088671  139631.1114088671  139631.1114088671   0  0  0  
2 389  -1.17 0.05000000000020804 0  -1.17 0.02500000000010402 0  -1.141650635094548 0.0374999999999081 0  0 0 0   139652.8848080406  139652.8848080406  139652.8848080406   0  0  0  
2 390  -1.17 0.05000000000020804 0  -1.141650635094548 0.0374999999999081 0  -1.145000000000015 0.06250000000001939 0  0 0 0   131398.8812377677  131398.8812377677  131398.8812377677   0  0  0  
2 391  -1.17 0.07500000000017336 0  -1.17 0.05000000000020804 0  -1.145000000000015 0.06250000000001939 0  0 0 0   123126.0479131629  123126.0479131629  123126.0479131629   0  0  0  
2 392  -1.12 0.07499999999986835 0  -1.14834936490554 0.08750000000008665 0  -1.145000000000015 0.06250000000001939 0  0 0 0   131389.1092587103  131389.1092587103  131389.1092587103   0  0  0  
2 393  -1.14834936490554 0.08750000000008665 0  -1.17 0.07500000000017336 0  -1.145000000000015 0.06250000000001939 0  0 0 0   114872.0690968935  114872.0690968935  114872.0690968935   0  0  0  
2 394  -1.14834936490554 0.08750000000008665 0  -1.12 0.09999999999993417 0  -1.138342057079077 0.10856370834603 0  0 0 0   92982.25387371212  92982.25387371212  92982.25387371212   0  0  0  
2 395  -1.141650635094548 0.0374999999999081 0  -1.17 0.02500000000010402 0  -1.151657942920922 0.01643629165397528 0  0 0 0   93027.42101960693  93027.42101960693  93027.42101960693   0  0  0  
2 396  -1.12 0.04999999999987187 0  -1.12 0.07499999999986835 0  -1.145000000000015 0.06250000000001939 0  0 0 0   123167.5149334167  123167.5149334167  123167.5149334167   0  0  0  
2 397  -1.141650635094548 0.0374999999999081 0  -1.12 0.04999999999987187 0  -1.145000000000015 0.06250000000001939 0  0 0 0   114919.3029564491  114919.3029564491  114919.3029564491   0  0  0  
2 398  -1.12 0.02499999999994474 0  -1.12 0.04999999999987187 0  -1.141650635094548 0.0374999999999081 0  0 0 0   106687.1001987874  106687.1001987874  106687.1001987874   0  0  0  
2 399  -1.17 0.09999999999999998 0  -1.17 0.07500000000017336 0  -1.14834936490554 0.08750000000008665 0  0 0 0   106604.2638227329  106604.2638227329  106604.2638227329   0  0  0  
2 400  -1.12 0.125 0  -1.14499999999987 0.125 0  -1.138342057079077 0.10856370834603 0  0 0 0   80914.93219205373  80914.93219205373  80914.93219205373   0  0  0  
2 401  -1.12 0.09999999999993417 0  -1.12 0.125 0  -1.138342057079077 0.10856370834603 0  0 0 0   90314.65593925046  90314.65593925046  90314.65593925046   0  0  0  
2 402  -1.17 0 0  -1.144999999999957 0 0  -1.151657942920922 0.01643629165397528 0  0 0 0   80985.35036567089  80985.35036567089  80985.35036567089   0  0  0  
2 403  -1.17 0.02500000000010402 0  -1.17 0 0  -1.151657942920922 0.01643629165397528 0  0 0 0   90368.36984461272  90368.36984461272  90368.36984461272   0  0  0  
2 404  -1.17 0.09999999999999998 0  -1.14834936490554 0.08750000000008665 0  -1.155550448379825 0.1105046966569482 0  0 0 0   80360.73996666522  80360.73996666522  80360.73996666522   0  0  0  
2 405  -1.12 0.02499999999994474 0  -1.141650635094548 0.0374999999999081 0  -1.134449551620196 0.01449530334310796 0  0 0 0   80430.46947298874  80430.46947298874  80430.46947298874   0  0  0  
2 406  -1.14834936490554 0.08750000000008665 0  -1.138342057079077 0.10856370834603 0  -1.155550448379825 0.1105046966569482 0  0 0 0   75212.77588788865  75212.77588788865  75212.77588788865   0  0  0  
2 407  -1.141650635094548 0.0374999999999081 0  -1.151657942920922 0.01643629165397528 0  -1.134449551620196 0.01449530334310796 0  0 0 0   75268.26854722877  75268.26854722877  75268.26854722877   0  0  0  
2 408  -1.14499999999987 0.125 0  -1.17 0.125 0  -1.155550448379825 0.1105046966569482 0  0 0 0   71349.76791521988  71349.76791521988  71349.76791521988   0  0  0  
2 409  -1.17 0.125 0  -1.17 0.09999999999999998 0  -1.155550448379825 0.1105046966569482 0  0 0 0   71128.44082984256  71128.44082984256  71128.44082984256   0  0  0  
2 410  -1.12 0 0  -1.12 0.02499999999994474 0  -1.134449551620196 0.01449530334310796 0  0 0 0   71211.37160833292  71211.37160833292  71211.37160833292   0  0  0  
2 411  -1.144999999999957 0 0  -1.12 0 0  -1.134449551620196 0.01449530334310796 0  0 0 0   71432.33108033653  71432.33108033653  71432.33108033653   0  0  0  
2 412  -1.138342057079077 0.10856370834603 0  -1.14499999999987 0.125 0  -1.155550448379825 0.1105046966569482 0  0 0 0   53151.2392553859  53151.2392553859  53151.2392553859   0  0  0  
2 413  -1.151657942920922 0.01643629165397528 0  -1.144999999999957 0 0  -1.134449551620196 0.01449530334310796 0  0 0 0   53200.48939447761  53200.48939447761  53200.48939447761   0  0  0  
2 414  -1.065 0.07499999999986835 0  -1.065 0.09999999999993417 0  -1.09334936490554 0.08750000000008645 0  0 0 0   139671.9914692515  139671.9914692515  139671.9914692515   0  0  0  
2 415  -1.115 0.05000000000020804 0  -1.115 0.02500000000010402 0  -1.086650635094548 0.03749999999990841 0  0 0 0   139724.8750324363  139724.8750324363  139724.8750324363   0  0  0  
2 416  -1.115 0.05000000000020804 0  -1.086650635094548 0.03749999999990841 0  -1.090000000000015 0.0625000000000194 0  0 0 0   131468.7175496786  131468.7175496786  131468.7175496786   0  0  0  
2 417  -1.115 0.07500000000017336 0  -1.115 0.05000000000020804 0  -1.090000000000015 0.0625000000000194 0  0 0 0   123194.868011121  123194.868011121  123194.868011121   0  0  0  
2 418  -1.065 0.07499999999986835 0  -1.09334936490554 0.08750000000008645 0  -1.090000000000015 0.0625000000000194 0  0 0 0   131443.4430095385  131443.4430095385  131443.4430095385   0  0  0  
2 419  -1.09334936490554 0.08750000000008645 0  -1.115 0.07500000000017336 0  -1.090000000000015 0.0625000000000194 0  0 0 0   114935.4147067497  114935.4147067497  114935.4147067497   0  0  0  
2 420  -1.09334936490554 0.08750000000008645 0  -1.065 0.09999999999993417 0  -1.083342057079104 0.1085637083460264 0  0 0 0   93017.04896762714  93017.04896762714  93017.04896762714   0  0  0  
2 421  -1.086650635094548 0.03749999999990841 0  -1.115 0.02500000000010402 0  -1.096657942920949 0.01643629165396981 0  0 0 0   93072.94778247509  93072.94778247509  93072.94778247509   0  0  0  
2 422  -1.065 0.04999999999987187 0  -1.065 0.07499999999986835 0  -1.090000000000015 0.0625000000000194 0  0 0 0   123201.4977302626  123201.4977302626  123201.4977302626   0  0  0  
2 423  -1.086650635094548 0.03749999999990841 0  -1.065 0.04999999999987187 0  -1.090000000000015 0.0625000000000194 0  0 0 0   114963.698967921  114963.698967921  114963.698967921   0  0  0  
2 424  -1.065 0.02499999999994474 0  -1.065 0.04999999999987187 0  -1.086650635094548 0.03749999999990841 0  0 0 0   106713.1533074268  106713.1533074268  106713.1533074268   0  0  0  
2 425  -1.115 0.09999999999999998 0  -1.115 0.07500000000017336 0  -1.09334936490554 0.08750000000008645 0  0 0 0   106661.2703244704  106661.2703244704  106661.2703244704   0  0  0  
2 426  -1.115 0 0  -1.090000000000131 0 0  -1.096657942920949 0.01643629165396981 0  0 0 0   81020.93753612568  81020.93753612568  81020.93753612568   0  0  0  
2 427  -1.115 0.02500000000010402 0  -1.115 0 0  -1.096657942920949 0.01643629165396981 0  0 0 0   90408.84048433002  90408.84048433002  90408.84048433002   0  0  0  
2 428  -1.065 0.125 0  -1.090000000000044 0.125 0  -1.083342057079104 0.1085637083460264 0  0 0 0   80941.18879426629  80941.18879426629  80941.18879426629   0  0  0  
2 429  -1.065 0.09999999999993417 0  -1.065 0.125 0  -1.083342057079104 0.1085637083460264 0  0 0 0   90338.0564067357  90338.0564067357  90338.0564067357   0  0  0  
2 430  -1.065 0.02499999999994474 0  -1.086650635094548 0.03749999999990841 0  -1.079449551620205 0.01449530334305324 0  0 0 0   80455.95851432708  80455.95851432708  80455.95851432708   0  0  0  
2 431  -1.115 0.09999999999999998 0  -1.09334936490554 0.08750000000008645 0  -1.100550448379836 0.1105046966568972 0  0 0 0   80400.81377420529  80400.81377420529  80400.81377420529   0  0  0  
2 432  -1.086650635094548 0.03749999999990841 0  -1.096657942920949 0.01643629165396981 0  -1.079449551620205 0.01449530334305324 0  0 0 0   75301.71511430267  75301.71511430267  75301.71511430267   0  0  0  
2 433  -1.09334936490554 0.08750000000008645 0  -1.083342057079104 0.1085637083460264 0  -1.100550448379836 0.1105046966568972 0  0 0 0   75248.19948427327  75248.19948427327  75248.19948427327   0  0  0  
2 434  -1.090000000000131 0 0  -1.065 0 0  -1.079449551620205 0.01449530334305324 0  0 0 0   71454.08695156898  71454.08695156898  71454.08695156898   0  0  0  
2 435  -1.115 0.125 0  -1.115 0.09999999999999998 0  -1.100550448379836 0.1105046966568972 0  0 0 0   71158.21931961199  71158.21931961199  71158.21931961199   0  0  0  
2 436  -1.065 0 0  -1.065 0.02499999999994474 0  -1.079449551620205 0.01449530334305324 0  0 0 0   71224.67813511784  71224.67813511784  71224.67813511784   0  0  0  
2 437  -1.090000000000044 0.125 0  -1.115 0.125 0  -1.100550448379836 0.1105046966568972 0  0 0 0   71376.88028075208  71376.88028075208  71376.88028075208   0  0  0  
2 438  -1.096657942920949 0.01643629165396981 0  -1.090000000000131 0 0  -1.079449551620205 0.01449530334305324 0  0 0 0   53223.65106690669  53223.65106690669  53223.65106690669   0  0  0  
2 439  -1.083342057079104 0.1085637083460264 0  -1.090000000000044 0.125 0  -1.100550448379836 0.1105046966568972 0  0 0 0   53173.12171839199  53173.12171839199  53173.12171839199   0  0  0  
2 440  -2.580000000000001 0.07499999999986835 0  -2.580000000000001 0.09999999999993417 0  -2.551650635094461 0.08750000000008665 0  0 0 0   4.854066904775665  4.854066904775665  4.854066904775665   0  0  0  
2 441  -2.53 0.05000000000020804 0  -2.53 0.02500000000010402 0  -2.558349364905453 0.0374999999999083 0  0 0 0   5.297134383540334  5.297134383540334  5.297134383540334   0  0  0  
2 442  -2.53 0.05000000000020804 0  -2.558349364905453 0.0374999999999083 0  -2.554999999999986 0.06250000000001943 0  0 0 0   4.884885879472058  4.884885879472058  4.884885879472058   0  0  0  
2 443  -2.53 0.07500000000017336 0  -2.53 0.05000000000020804 0  -2.554999999999986 0.06250000000001943 0  0 0 0   4.386389267384549  4.386389267384549  4.386389267384549   0  0  0  
2 444  -2.580000000000001 0.07499999999986835 0  -2.551650635094461 0.08750000000008665 0  -2.554999999999986 0.06250000000001943 0  0 0 0   4.689290546744017  4.689290546744017  4.689290546744017   0  0  0  
2 445  -2.551650635094461 0.08750000000008665 0  -2.53 0.07500000000017336 0  -2.554999999999986 0.06250000000001943 0  0 0 0   3.990056785819211  3.990056785819211  3.990056785819211   0  0  0  
2 446  -2.551650635094461 0.08750000000008665 0  -2.580000000000001 0.09999999999993417 0  -2.5616579429209 0.1085637083460278 0  0 0 0   3.067468871720667  3.067468871720667  3.067468871720667   0  0  0  
2 447  -2.558349364905453 0.0374999999999083 0  -2.53 0.02500000000010402 0  -2.548342057079072 0.01643629165397248 0  0 0 0   3.628554947254631  3.628554947254631  3.628554947254631   0  0  0  
2 448  -2.580000000000001 0.04999999999987187 0  -2.580000000000001 0.07499999999986835 0  -2.554999999999986 0.06250000000001943 0  0 0 0   4.628453853019264  4.628453853019264  4.628453853019264   0  0  0  
2 449  -2.558349364905453 0.0374999999999083 0  -2.580000000000001 0.04999999999987187 0  -2.554999999999986 0.06250000000001943 0  0 0 0   4.386569200531311  4.386569200531311  4.386569200531311   0  0  0  
2 450  -2.580000000000001 0.02499999999994474 0  -2.580000000000001 0.04999999999987187 0  -2.558349364905453 0.0374999999999083 0  0 0 0   4.232051513451551  4.232051513451551  4.232051513451551   0  0  0  
2 451  -2.53 0.09999999999999998 0  -2.53 0.07500000000017336 0  -2.551650635094461 0.08750000000008665 0  0 0 0   3.536835381075091  3.536835381075091  3.536835381075091   0  0  0  
2 452  -2.580000000000001 0.125 0  -2.555000000000001 0.125 0  -2.5616579429209 0.1085637083460278 0  0 0 0   2.437942633585755  2.437942633585755  2.437942633585755   0  0  0  
2 453  -2.580000000000001 0.09999999999993417 0  -2.580000000000001 0.125 0  -2.5616579429209 0.1085637083460278 0  0 0 0   2.854768956650239  2.854768956650239  2.854768956650239   0  0  0  
2 454  -2.53 0 0  -2.555000000000001 0 0  -2.548342057079072 0.01643629165397248 0  0 0 0   3.247276278682623  3.247276278682623  3.247276278682623   0  0  0  
2 455  -2.53 0.02500000000010402 0  -2.53 0 0  -2.548342057079072 0.01643629165397248 0  0 0 0   3.58241037424842  3.58241037424842  3.58241037424842   0  0  0  
2 456  -2.53 0.09999999999999998 0  -2.551650635094461 0.08750000000008665 0  -2.544449551620164 0.1105046966569162 0  0 0 0   2.582421413547996  2.582421413547996  2.582421413547996   0  0  0  
2 457  -2.580000000000001 0.02499999999994474 0  -2.558349364905453 0.0374999999999083 0  -2.5655504483798 0.01449530334309202 0  0 0 0   3.216241717552052  3.216241717552052  3.216241717552052   0  0  0  
2 458  -2.551650635094461 0.08750000000008665 0  -2.5616579429209 0.1085637083460278 0  -2.544449551620164 0.1105046966569162 0  0 0 0   2.412412441060169  2.412412441060169  2.412412441060169   0  0  0  
2 459  -2.558349364905453 0.0374999999999083 0  -2.548342057079072 0.01643629165397248 0  -2.5655504483798 0.01449530334309202 0  0 0 0   2.976287124857325  2.976287124857325  2.976287124857325   0  0  0  
2 460  -2.53 0.125 0  -2.53 0.09999999999999998 0  -2.544449551620164 0.1105046966569162 0  0 0 0   2.183336279060872  2.183336279060872  2.183336279060872   0  0  0  
2 461  -2.555000000000001 0 0  -2.580000000000001 0 0  -2.5655504483798 0.01449530334309202 0  0 0 0   2.903024616692317  2.903024616692317  2.903024616692317   0  0  0  
2 462  -2.555000000000001 0.125 0  -2.53 0.125 0  -2.544449551620164 0.1105046966569162 0  0 0 0   2.129331157873982  2.129331157873982  2.129331157873982   0  0  0  
2 463  -2.580000000000001 0 0  -2.580000000000001 0.02499999999994474 0  -2.5655504483798 0.01449530334309202 0  0 0 0   2.914443186486662  2.914443186486662  2.914443186486662   0  0  0  
2 464  -2.5616579429209 0.1085637083460278 0  -2.555000000000001 0.125 0  -2.544449551620164 0.1105046966569162 0  0 0 0   1.625095186671152  1.625095186671152  1.625095186671152   0  0  0  
2 465  -2.548342057079072 0.01643629165397248 0  -2.555000000000001 0 0  -2.5655504483798 0.01449530334309202 0  0 0 0   2.127997809197784  2.127997809197784  2.127997809197784   0  0  0  
2 466  -2.635000000000001 0.07499999999986835 0  -2.635000000000001 0.09999999999993417 0  -2.606650635094461 0.08750000000008665 0  0 0 0   4.693891866378073  4.693891866378073  4.693891866378073   0  0  0  
2 467  -2.585 0.05000000000020804 0  -2.585 0.02500000000010402 0  -2.613349364905453 0.03749999999990735 0  0 0 0   5.675831857228101  5.675831857228101  5.675831857228101   0  0  0  
2 468  -2.585 0.05000000000020804 0  -2.613349364905453 0.03749999999990735 0  -2.609999999999986 0.06250000000001926 0  0 0 0   5.234683503384085  5.234683503384085  5.234683503384085   0  0  0  
2 469  -2.585 0.07500000000017336 0  -2.585 0.05000000000020804 0  -2.609999999999986 0.06250000000001926 0  0 0 0   4.770717480072268  4.770717480072268  4.770717480072268   0  0  0  
2 470  -2.635000000000001 0.07499999999986835 0  -2.606650635094461 0.08750000000008665 0  -2.609999999999986 0.06250000000001926 0  0 0 0   4.77652740017132  4.77652740017132  4.77652740017132   0  0  0  
2 471  -2.606650635094461 0.08750000000008665 0  -2.585 0.07500000000017336 0  -2.609999999999986 0.06250000000001926 0  0 0 0   4.315585138865202  4.315585138865202  4.315585138865202   0  0  0  
2 472  -2.606650635094461 0.08750000000008665 0  -2.635000000000001 0.09999999999993417 0  -2.616657942920903 0.1085637083460269 0  0 0 0   3.068463562246853  3.068463562246853  3.068463562246853   0  0  0  
2 473  -2.613349364905453 0.03749999999990735 0  -2.585 0.02500000000010402 0  -2.603342057079069 0.01643629165397377 0  0 0 0   3.846171403712068  3.846171403712068  3.846171403712068   0  0  0  
2 474  -2.635000000000001 0.04999999999987187 0  -2.635000000000001 0.07499999999986835 0  -2.609999999999986 0.06250000000001926 0  0 0 0   4.460031379528795  4.460031379528795  4.460031379528795   0  0  0  
2 475  -2.613349364905453 0.03749999999990735 0  -2.635000000000001 0.04999999999987187 0  -2.609999999999986 0.06250000000001926 0  0 0 0   4.424532484022465  4.424532484022465  4.424532484022465   0  0  0  
2 476  -2.635000000000001 0.02499999999994474 0  -2.635000000000001 0.04999999999987187 0  -2.613349364905453 0.03749999999990735 0  0 0 0   4.0413672488038  4.0413672488038  4.0413672488038   0  0  0  
2 477  -2.585 0.09999999999999998 0  -2.585 0.07500000000017336 0  -2.606650635094461 0.08750000000008665 0  0 0 0   3.829010871960932  3.829010871960932  3.829010871960932   0  0  0  
2 478  -2.635000000000001 0.125 0  -2.61 0.125 0  -2.616657942920903 0.1085637083460269 0  0 0 0   2.376083657588442  2.376083657588442  2.376083657588442   0  0  0  
2 479  -2.635000000000001 0.09999999999993417 0  -2.635000000000001 0.125 0  -2.616657942920903 0.1085637083460269 0  0 0 0   2.697657364977207  2.697657364977207  2.697657364977207   0  0  0  
2 480  -2.585 0 0  -2.61 0 0  -2.603342057079069 0.01643629165397377 0  0 0 0   3.397297853416489  3.397297853416489  3.397297853416489   0  0  0  
2 481  -2.585 0.02500000000010402 0  -2.585 0 0  -2.603342057079069 0.01643629165397377 0  0 0 0   3.775216626166743  3.775216626166743  3.775216626166743   0  0  0  
2 482  -2.585 0.09999999999999998 0  -2.606650635094461 0.08750000000008665 0  -2.599449551620166 0.1105046966569058 0  0 0 0   2.756846195102874  2.756846195102874  2.756846195102874   0  0  0  
2 483  -2.635000000000001 0.02499999999994474 0  -2.613349364905453 0.03749999999990735 0  -2.620550448379797 0.01449530334309686 0  0 0 0   3.16484751580998  3.16484751580998  3.16484751580998   0  0  0  
2 484  -2.606650635094461 0.08750000000008665 0  -2.616657942920903 0.1085637083460269 0  -2.599449551620166 0.1105046966569058 0  0 0 0   2.528047470126336  2.528047470126336  2.528047470126336   0  0  0  
2 485  -2.613349364905453 0.03749999999990735 0  -2.603342057079069 0.01643629165397377 0  -2.620550448379797 0.01449530334309686 0  0 0 0   3.084270483414818  3.084270483414818  3.084270483414818   0  0  0  
2 486  -2.585 0.125 0  -2.585 0.09999999999999998 0  -2.599449551620166 0.1105046966569058 0  0 0 0   2.282367505701082  2.282367505701082  2.282367505701082   0  0  0  
2 487  -2.61 0 0  -2.635000000000001 0 0  -2.620550448379797 0.01449530334309686 0  0 0 0   2.850473704164485  2.850473704164485  2.850473704164485   0  0  0  
2 488  -2.61 0.125 0  -2.585 0.125 0  -2.599449551620166 0.1105046966569058 0  0 0 0   2.176276490728445  2.176276490728445  2.176276490728445   0  0  0  
2 489  -2.635000000000001 0 0  -2.635000000000001 0.02499999999994474 0  -2.620550448379797 0.01449530334309686 0  0 0 0   2.728345979448729  2.728345979448729  2.728345979448729   0  0  0  
2 490  -2.616657942920903 0.1085637083460269 0  -2.61 0.125 0  -2.599449551620166 0.1105046966569058 0  0 0 0   1.661580742713847  1.661580742713847  1.661580742713847   0  0  0  
2 491  -2.603342057079069 0.01643629165397377 0  -2.61 0 0  -2.620550448379797 0.01449530334309686 0  0 0 0   2.201821628287359  2.201821628287359  2.201821628287359   0  0  0  
2 492  0.7300000000000001 0.07499999999986835 0  0.7300000000000001 0.09999999999993417 0  0.7016506350944609 0.08750000000008665 0  0 0 0   174324.8480330855  174324.8480330855  174324.8480330855   0  0  0  
2 493  0.68 0.05000000000020804 0  0.68 0.02500000000010402 0  0.7083493649054522 0.03749999999990831 0  0 0 0   174351.758764379  174351.758764379  174351.758764379   0  0  0  
2 494  0.68 0.05000000000020804 0  0.7083493649054522 0.03749999999990831 0  0.7049999999999855 0.06250000000001943 0  0 0 0   164046.6507181709  164046.6507181709  164046.6507181709   0  0  0  
2 495  0.68 0.07500000000017336 0  0.68 0.05000000000020804 0  0.7049999999999855 0.06250000000001943 0  0 0 0   153717.4274173675  153717.4274173675  153717.4274173675   0  0  0  
2 496  0.7300000000000001 0.07499999999986835 0  0.7016506350944609 0.08750000000008665 0  0.7049999999999855 0.06250000000001943 0  0 0 0   164034.5484778018  164034.5484778018  164034.5484778018   0  0  0  
2 497  0.7016506350944609 0.08750000000008665 0  0.68 0.07500000000017336 0  0.7049999999999855 0.06250000000001943 0  0 0 0   143412.6943527119  143412.6943527119  143412.6943527119   0  0  0  
2 498  0.7016506350944609 0.08750000000008665 0  0.7300000000000001 0.09999999999993417 0  0.7116579429209098 0.1085637083460281 0  0 0 0   116085.2044565312  116085.2044565312  116085.2044565312   0  0  0  
2 499  0.7083493649054522 0.03749999999990831 0  0.68 0.02500000000010402 0  0.6983420570790645 0.01643629165397263 0  0 0 0   116141.9097930094  116141.9097930094  116141.9097930094   0  0  0  
2 500  0.7300000000000001 0.04999999999987187 0  0.7300000000000001 0.07499999999986835 0  0.7049999999999855 0.06250000000001943 0  0 0 0   153770.7710976692  153770.7710976692  153770.7710976692   0  0  0  
2 501  0.7083493649054522 0.03749999999990831 0  0.7300000000000001 0.04999999999987187 0  0.7049999999999855 0.06250000000001943 0  0 0 0   143473.046905379  143473.046905379  143473.046905379   0  0  0  
2 502  0.7300000000000001 0.02499999999994474 0  0.7300000000000001 0.04999999999987187 0  0.7083493649054522 0.03749999999990831 0  0 0 0   133195.8117701677  133195.8117701677  133195.8117701677   0  0  0  
2 503  0.68 0.09999999999999998 0  0.68 0.07500000000017336 0  0.7016506350944609 0.08750000000008665 0  0 0 0   133089.770412929  133089.770412929  133089.770412929   0  0  0  
2 504  0.7300000000000001 0.125 0  0.7050000000000435 0.125 0  0.7116579429209098 0.1085637083460281 0  0 0 0   101020.3703895118  101020.3703895118  101020.3703895118   0  0  0  
2 505  0.7300000000000001 0.09999999999993417 0  0.7300000000000001 0.125 0  0.7116579429209098 0.1085637083460281 0  0 0 0   112755.4649264039  112755.4649264039  112755.4649264039   0  0  0  
2 506  0.68 0 0  0.7049999999999567 0 0  0.6983420570790645 0.01643629165397263 0  0 0 0   101108.0935956446  101108.0935956446  101108.0935956446   0  0  0  
2 507  0.68 0.02500000000010402 0  0.68 0 0  0.6983420570790645 0.01643629165397263 0  0 0 0   112822.4312670142  112822.4312670142  112822.4312670142   0  0  0  
2 508  0.68 0.09999999999999998 0  0.7016506350944609 0.08750000000008665 0  0.6944495516201694 0.1105046966569224 0  0 0 0   100326.3041403533  100326.3041403533  100326.3041403533   0  0  0  
2 509  0.7300000000000001 0.02499999999994474 0  0.7083493649054522 0.03749999999990831 0  0.7155504483797996 0.0144953033430807 0  0 0 0   100415.1711493824  100415.1711493824  100415.1711493824   0  0  0  
2 510  0.7016506350944609 0.08750000000008665 0  0.7116579429209098 0.1085637083460281 0  0.6944495516201694 0.1105046966569224 0  0 0 0   93900.13465741907  93900.13465741907  93900.13465741907   0  0  0  
2 511  0.7083493649054522 0.03749999999990831 0  0.6983420570790645 0.01643629165397263 0  0.7155504483797996 0.0144953033430807 0  0 0 0   93970.24587691034  93970.24587691034  93970.24587691034   0  0  0  
2 512  0.68 0.125 0  0.68 0.09999999999999998 0  0.6944495516201694 0.1105046966569224 0  0 0 0   88799.58236831042  88799.58236831042  88799.58236831042   0  0  0  
2 513  0.7049999999999567 0 0  0.7300000000000001 0 0  0.7155504483797996 0.0144953033430807 0  0 0 0   89181.36899765249  89181.36899765249  89181.36899765249   0  0  0  
2 514  0.7050000000000435 0.125 0  0.68 0.125 0  0.6944495516201694 0.1105046966569224 0  0 0 0   89076.94321934605  89076.94321934605  89076.94321934605   0  0  0  
2 515  0.7300000000000001 0 0  0.7300000000000001 0.02499999999994474 0  0.7155504483797996 0.0144953033430807 0  0 0 0   88905.53742076881  88905.53742076881  88905.53742076881   0  0  0  
2 516  0.7116579429209098 0.1085637083460281 0  0.7050000000000435 0.125 0  0.6944495516201694 0.1105046966569224 0  0 0 0   66357.58869657796  66357.58869657796  66357.58869657796   0  0  0  
2 517  0.6983420570790645 0.01643629165397263 0  0.7049999999999567 0 0  0.7155504483797996 0.0144953033430807 0  0 0 0   66419.33944337031  66419.33944337031  66419.33944337031   0  0  0  
2 518  0.7850000000000001 0.07499999999986835 0  0.7850000000000001 0.09999999999993417 0  0.756650635094461 0.08750000000008645 0  0 0 0   174379.1808259943  174379.1808259943  174379.1808259943   0  0  0  
2 519  0.7350000000000001 0.05000000000020804 0  0.7350000000000001 0.02500000000010402 0  0.7633493649054522 0.03749999999990831 0  0 0 0   174443.274561043  174443.274561043  174443.274561043   0  0  0  
2 520  0.7350000000000001 0.05000000000020804 0  0.7633493649054522 0.03749999999990831 0  0.7599999999999856 0.0625000000000194 0  0 0 0   164135.9327406749  164135.9327406749  164135.9327406749   0  0  0  
2 521  0.7350000000000001 0.07500000000017336 0  0.7350000000000001 0.05000000000020804 0  0.7599999999999856 0.0625000000000194 0  0 0 0   153805.806859322  153805.806859322  153805.806859322   0  0  0  
2 522  0.7850000000000001 0.07499999999986835 0  0.756650635094461 0.08750000000008645 0  0.7599999999999856 0.0625000000000194 0  0 0 0   164105.1610701007  164105.1610701007  164105.1610701007   0  0  0  
2 523  0.756650635094461 0.08750000000008645 0  0.7350000000000001 0.07500000000017336 0  0.7599999999999856 0.0625000000000194 0  0 0 0   143494.3344420721  143494.3344420721  143494.3344420721   0  0  0  
2 524  0.756650635094461 0.08750000000008645 0  0.7850000000000001 0.09999999999993417 0  0.7666579429209133 0.1085637083460278 0  0 0 0   116130.6020370203  116130.6020370203  116130.6020370203   0  0  0  
2 525  0.7633493649054522 0.03749999999990831 0  0.7350000000000001 0.02500000000010402 0  0.7533420570790613 0.01643629165397183 0  0 0 0   116199.6085661482  116199.6085661482  116199.6085661482   0  0  0  
2 526  0.7850000000000001 0.04999999999987187 0  0.7850000000000001 0.07499999999986835 0  0.7599999999999856 0.0625000000000194 0  0 0 0   153815.6891062343  153815.6891062343  153815.6891062343   0  0  0  
2 527  0.7633493649054522 0.03749999999990831 0  0.7850000000000001 0.04999999999987187 0  0.7599999999999856 0.0625000000000194 0  0 0 0   143530.4601505511  143530.4601505511  143530.4601505511   0  0  0  
2 528  0.7850000000000001 0.02499999999994474 0  0.7850000000000001 0.04999999999987187 0  0.7633493649054522 0.03749999999990831 0  0 0 0   133230.098935936  133230.098935936  133230.098935936   0  0  0  
2 529  0.7350000000000001 0.09999999999999998 0  0.7350000000000001 0.07500000000017336 0  0.756650635094461 0.08750000000008645 0  0 0 0   133163.976680763  133163.976680763  133163.976680763   0  0  0  
2 530  0.7850000000000001 0.125 0  0.7600000000000652 0.125 0  0.7666579429209133 0.1085637083460278 0  0 0 0   101053.6748361052  101053.6748361052  101053.6748361052   0  0  0  
2 531  0.7850000000000001 0.09999999999993417 0  0.7850000000000001 0.125 0  0.7666579429209133 0.1085637083460278 0  0 0 0   112786.3913972027  112786.3913972027  112786.3913972027   0  0  0  
2 532  0.7350000000000001 0 0  0.7599999999999351 0 0  0.7533420570790613 0.01643629165397183 0  0 0 0   101152.9221992002  101152.9221992002  101152.9221992002   0  0  0  
2 533  0.7350000000000001 0.02500000000010402 0  0.7350000000000001 0 0  0.7533420570790613 0.01643629165397183 0  0 0 0   112873.3255934672  112873.3255934672  112873.3255934672   0  0  0  
2 534  0.7350000000000001 0.09999999999999998 0  0.756650635094461 0.08750000000008645 0  0.7494495516201718 0.1105046966569272 0  0 0 0   100378.5509306907  100378.5509306907  100378.5509306907   0  0  0  
2 535  0.7850000000000001 0.02499999999994474 0  0.7633493649054522 0.03749999999990831 0  0.7705504483797989 0.01449530334307321 0  0 0 0   100448.1236027903  100448.1236027903  100448.1236027903   0  0  0  
2 536  0.756650635094461 0.08750000000008645 0  0.7666579429209133 0.1085637083460278 0  0.7494495516201718 0.1105046966569272 0  0 0 0   93945.87115581802  93945.87115581802  93945.87115581802   0  0  0  
2 537  0.7633493649054522 0.03749999999990831 0  0.7533420570790613 0.01643629165397183 0  0.7705504483797989 0.01449530334307321 0  0 0 0   94012.8510992596  94012.8510992596  94012.8510992596   0  0  0  
2 538  0.7599999999999351 0 0  0.7850000000000001 0 0  0.7705504483797989 0.01449530334307321 0  0 0 0   89209.39923272777  89209.39923272777  89209.39923272777   0  0  0  
2 539  0.7600000000000652 0.125 0  0.7350000000000001 0.125 0  0.7494495516201718 0.1105046966569272 0  0 0 0   89112.29624087163  89112.29624087163  89112.29624087163   0  0  0  
2 540  0.7350000000000001 0.125 0  0.7350000000000001 0.09999999999999998 0  0.7494495516201718 0.1105046966569272 0  0 0 0   88839.41579486293  88839.41579486293  88839.41579486293   0  0  0  
2 541  0.7850000000000001 0 0  0.7850000000000001 0.02499999999994474 0  0.7705504483797989 0.01449530334307321 0  0 0 0   88923.19878126566  88923.19878126566  88923.19878126566   0  0  0  
2 542  0.7666579429209133 0.1085637083460278 0  0.7600000000000652 0.125 0  0.7494495516201718 0.1105046966569272 0  0 0 0   66385.37986378753  66385.37986378753  66385.37986378753   0  0  0  
2 543  0.7533420570790613 0.01643629165397183 0  0.7599999999999351 0 0  0.7705504483797989 0.01449530334307321 0  0 0 0   66448.76500497047  66448.76500497047  66448.76500497047   0  0  0  
2 544  -0.7300000000000001 0.07499999999986835 0  -0.7300000000000001 0.09999999999993417 0  -0.7016506350944609 0.08750000000008665 0  0 0 0   139719.0868647238  139719.0868647238  139719.0868647238   0  0  0  
2 545  -0.68 0.05000000000020804 0  -0.68 0.02500000000010402 0  -0.7083493649054522 0.03749999999990831 0  0 0 0   139746.4780437521  139746.4780437521  139746.4780437521   0  0  0  
2 546  -0.68 0.05000000000020804 0  -0.7083493649054522 0.03749999999990831 0  -0.7049999999999855 0.06250000000001943 0  0 0 0   131485.5064957937  131485.5064957937  131485.5064957937   0  0  0  
2 547  -0.68 0.07500000000017336 0  -0.68 0.05000000000020804 0  -0.7049999999999855 0.06250000000001943 0  0 0 0   123204.1243512712  123204.1243512712  123204.1243512712   0  0  0  
2 548  -0.7300000000000001 0.07499999999986835 0  -0.7016506350944609 0.08750000000008665 0  -0.7049999999999855 0.06250000000001943 0  0 0 0   131473.2635451288  131473.2635451288  131473.2635451288   0  0  0  
2 549  -0.7016506350944609 0.08750000000008665 0  -0.68 0.07500000000017336 0  -0.7049999999999855 0.06250000000001943 0  0 0 0   114943.5685619488  114943.5685619488  114943.5685619488   0  0  0  
2 550  -0.7016506350944609 0.08750000000008665 0  -0.7300000000000001 0.09999999999993417 0  -0.7116579429209098 0.1085637083460281 0  0 0 0   93038.57956824536  93038.57956824536  93038.57956824536   0  0  0  
2 551  -0.7083493649054522 0.03749999999990831 0  -0.68 0.02500000000010402 0  -0.6983420570790645 0.01643629165397263 0  0 0 0   93091.31874102246  93091.31874102246  93091.31874102246   0  0  0  
2 552  -0.7300000000000001 0.04999999999987187 0  -0.7300000000000001 0.07499999999986835 0  -0.7049999999999855 0.06250000000001943 0  0 0 0   123249.8240429377  123249.8240429377  123249.8240429377   0  0  0  
2 553  -0.7083493649054522 0.03749999999990831 0  -0.7300000000000001 0.04999999999987187 0  -0.7049999999999855 0.06250000000001943 0  0 0 0   114996.9122319265  114996.9122319265  114996.9122319265   0  0  0  
2 554  -0.7300000000000001 0.02499999999994474 0  -0.7300000000000001 0.04999999999987187 0  -0.7083493649054522 0.03749999999990831 0  0 0 0   106761.4443054185  106761.4443054185  106761.4443054185   0  0  0  
2 555  -0.68 0.09999999999999998 0  -0.68 0.07500000000017336 0  -0.7016506350944609 0.08750000000008665 0  0 0 0   106667.7549490714  106667.7549490714  106667.7549490714   0  0  0  
2 556  -0.7300000000000001 0.125 0  -0.7050000000000435 0.125 0  -0.7116579429209098 0.1085637083460281 0  0 0 0   80961.29792003764  80961.29792003764  80961.29792003764   0  0  0  
2 557  -0.7300000000000001 0.09999999999993417 0  -0.7300000000000001 0.125 0  -0.7116579429209098 0.1085637083460281 0  0 0 0   90367.97705355441  90367.97705355441  90367.97705355441   0  0  0  
2 558  -0.68 0 0  -0.7049999999999567 0 0  -0.6983420570790645 0.01643629165397263 0  0 0 0   81042.30706267938  81042.30706267938  81042.30706267938   0  0  0  
2 559  -0.68 0.02500000000010402 0  -0.68 0 0  -0.6983420570790645 0.01643629165397263 0  0 0 0   90431.32449383228  90431.32449383228  90431.32449383228   0  0  0  
2 560  -0.68 0.09999999999999998 0  -0.7016506350944609 0.08750000000008665 0  -0.6944495516201694 0.1105046966569224 0  0 0 0   80407.60827233749  80407.60827233749  80407.60827233749   0  0  0  
2 561  -0.7300000000000001 0.02499999999994474 0  -0.7083493649054522 0.03749999999990831 0  -0.7155504483797996 0.0144953033430807 0  0 0 0   80486.84262223612  80486.84262223612  80486.84262223612   0  0  0  
2 562  -0.7016506350944609 0.08750000000008665 0  -0.7116579429209098 0.1085637083460281 0  -0.6944495516201694 0.1105046966569224 0  0 0 0   75257.12762024114  75257.12762024114  75257.12762024114   0  0  0  
2 563  -0.7083493649054522 0.03749999999990831 0  -0.6983420570790645 0.01643629165397263 0  -0.7155504483797996 0.0144953033430807 0  0 0 0   75320.55348399491  75320.55348399491  75320.55348399491   0  0  0  
2 564  -0.68 0.125 0  -0.68 0.09999999999999998 0  -0.6944495516201694 0.1105046966569224 0  0 0 0   71168.07264216364  71168.07264216364  71168.07264216364   0  0  0  
2 565  -0.7049999999999567 0 0  -0.7300000000000001 0 0  -0.7155504483797996 0.0144953033430807 0  0 0 0   71483.05617177424  71483.05617177424  71483.05617177424   0  0  0  
2 566  -0.7050000000000435 0.125 0  -0.68 0.125 0  -0.6944495516201694 0.1105046966569224 0  0 0 0   71389.45418915337  71389.45418915337  71389.45418915337   0  0  0  
2 567  -0.7300000000000001 0 0  -0.7300000000000001 0.02499999999994474 0  -0.7155504483797996 0.0144953033430807 0  0 0 0   71262.21918092102  71262.21918092102  71262.21918092102   0  0  0  
2 568  -0.7116579429209098 0.1085637083460281 0  -0.7050000000000435 0.125 0  -0.6944495516201694 0.1105046966569224 0  0 0 0   53181.80042708179  53181.80042708179  53181.80042708179   0  0  0  
2 569  -0.6983420570790645 0.01643629165397263 0  -0.7049999999999567 0 0  -0.7155504483797996 0.0144953033430807 0  0 0 0   53237.79704548389  53237.79704548389  53237.79704548389   0  0  0  
2 570  -0.7850000000000001 0.07499999999986835 0  -0.7850000000000001 0.09999999999993417 0  -0.756650635094461 0.08750000000008665 0  0 0 0   139754.7098188563  139754.7098188563  139754.7098188563   0  0  0  
2 571  -0.7350000000000001 0.05000000000020804 0  -0.7350000000000001 0.02500000000010402 0  -0.7633493649054522 0.03749999999990831 0  0 0 0   139823.6613534933  139823.6613534933  139823.6613534933   0  0  0  
2 572  -0.7350000000000001 0.05000000000020804 0  -0.7633493649054522 0.03749999999990831 0  -0.7599999999999856 0.06250000000001943 0  0 0 0   131559.9660661574  131559.9660661574  131559.9660661574   0  0  0  
2 573  -0.7350000000000001 0.07500000000017336 0  -0.7350000000000001 0.05000000000020804 0  -0.7599999999999856 0.06250000000001943 0  0 0 0   123279.0663696636  123279.0663696636  123279.0663696636   0  0  0  
2 574  -0.7850000000000001 0.07499999999986835 0  -0.756650635094461 0.08750000000008665 0  -0.7599999999999856 0.06250000000001943 0  0 0 0   131527.2803465027  131527.2803465027  131527.2803465027   0  0  0  
2 575  -0.756650635094461 0.08750000000008665 0  -0.7350000000000001 0.07500000000017336 0  -0.7599999999999856 0.06250000000001943 0  0 0 0   115012.016155289  115012.016155289  115012.016155289   0  0  0  
2 576  -0.756650635094461 0.08750000000008665 0  -0.7850000000000001 0.09999999999993417 0  -0.7666579429209133 0.1085637083460278 0  0 0 0   93071.99665284413  93071.99665284413  93071.99665284413   0  0  0  
2 577  -0.7633493649054522 0.03749999999990831 0  -0.7350000000000001 0.02500000000010402 0  -0.7533420570790613 0.01643629165397183 0  0 0 0   93139.42538758036  93139.42538758036  93139.42538758036   0  0  0  
2 578  -0.7850000000000001 0.04999999999987187 0  -0.7850000000000001 0.07499999999986835 0  -0.7599999999999856 0.06250000000001943 0  0 0 0   123278.4243522844  123278.4243522844  123278.4243522844   0  0  0  
2 579  -0.7633493649054522 0.03749999999990831 0  -0.7850000000000001 0.04999999999987187 0  -0.7599999999999856 0.06250000000001943 0  0 0 0   115039.9963256767  115039.9963256767  115039.9963256767   0  0  0  
2 580  -0.7850000000000001 0.02499999999994474 0  -0.7850000000000001 0.04999999999987187 0  -0.7633493649054522 0.03749999999990831 0  0 0 0   106781.9283313522  106781.9283313522  106781.9283313522   0  0  0  
2 581  -0.7350000000000001 0.09999999999999998 0  -0.7350000000000001 0.07500000000017336 0  -0.756650635094461 0.08750000000008665 0  0 0 0   106730.2983234525  106730.2983234525  106730.2983234525   0  0  0  
2 582  -0.7850000000000001 0.125 0  -0.7600000000000652 0.125 0  -0.7666579429209133 0.1085637083460278 0  0 0 0   80984.18447995439  80984.18447995439  80984.18447995439   0  0  0  
2 583  -0.7850000000000001 0.09999999999993417 0  -0.7850000000000001 0.125 0  -0.7666579429209133 0.1085637083460278 0  0 0 0   90386.40330410696  90386.40330410696  90386.40330410696   0  0  0  
2 584  -0.7350000000000001 0 0  -0.7599999999999351 0 0  -0.7533420570790613 0.01643629165397183 0  0 0 0   81079.48507214285  81079.48507214285  81079.48507214285   0  0  0  
2 585  -0.7350000000000001 0.02500000000010402 0  -0.7350000000000001 0 0  -0.7533420570790613 0.01643629165397183 0  0 0 0   90474.24910575119  90474.24910575119  90474.24910575119   0  0  0  
2 586  -0.7350000000000001 0.09999999999999998 0  -0.756650635094461 0.08750000000008665 0  -0.7494495516201718 0.1105046966569272 0  0 0 0   80450.96712094749  80450.96712094749  80450.96712094749   0  0  0  
2 587  -0.7850000000000001 0.02499999999994474 0  -0.7633493649054522 0.03749999999990831 0  -0.7705504483797989 0.01449530334307321 0  0 0 0   80509.86022180892  80509.86022180892  80509.86022180892   0  0  0  
2 588  -0.756650635094461 0.08750000000008665 0  -0.7666579429209133 0.1085637083460278 0  -0.7494495516201718 0.1105046966569272 0  0 0 0   75293.99665403459  75293.99665403459  75293.99665403459   0  0  0  
2 589  -0.7633493649054522 0.03749999999990831 0  -0.7533420570790613 0.01643629165397183 0  -0.7705504483797989 0.01449530334307321 0  0 0 0   75354.63474774617  75354.63474774617  75354.63474774617   0  0  0  
2 590  -0.7599999999999351 0 0  -0.7850000000000001 0 0  -0.7705504483797989 0.01449530334307321 0  0 0 0   71502.51029845874  71502.51029845874  71502.51029845874   0  0  0  
2 591  -0.7600000000000652 0.125 0  -0.7350000000000001 0.125 0  -0.7494495516201718 0.1105046966569272 0  0 0 0   71417.27667491671  71417.27667491671  71417.27667491671   0  0  0  
2 592  -0.7350000000000001 0.125 0  -0.7350000000000001 0.09999999999999998 0  -0.7494495516201718 0.1105046966569272 0  0 0 0   71200.64566292535  71200.64566292535  71200.64566292535   0  0  0  
2 593  -0.7850000000000001 0 0  -0.7850000000000001 0.02499999999994474 0  -0.7705504483797989 0.01449530334307321 0  0 0 0   71270.71934044248  71270.71934044248  71270.71934044248   0  0  0  
2 594  -0.7666579429209133 0.1085637083460278 0  -0.7600000000000652 0.125 0  -0.7494495516201718 0.1105046966569272 0  0 0 0   53203.41116598881  53203.41116598881  53203.41116598881   0  0  0  
2 595  -0.7533420570790613 0.01643629165397183 0  -0.7599999999999351 0 0  -0.7705504483797989 0.01449530334307321 0  0 0 0   53261.36306196985  53261.36306196985  53261.36306196985   0  0  0  
2 596  2.58 0.07499999999986835 0  2.58 0.09999999999993417 0  2.551650635094461 0.08750000000008665 0  0 0 0   6.076961012080506  6.076961012080506  6.076961012080506   0  0  0  
2 597  2.53 0.05000000000020804 0  2.53 0.02500000000010402 0  2.558349364905452 0.03749999999990765 0  0 0 0   6.630093343258274  6.630093343258274  6.630093343258274   0  0  0  
2 598  2.53 0.05000000000020804 0  2.558349364905452 0.03749999999990765 0  2.554999999999985 0.0625000000000193 0  0 0 0   6.114420364217724  6.114420364217724  6.114420364217724   0  0  0  
2 599  2.53 0.07500000000017336 0  2.53 0.05000000000020804 0  2.554999999999985 0.0625000000000193 0  0 0 0   5.491609696271738  5.491609696271738  5.491609696271738   0  0  0  
2 600  2.58 0.07499999999986835 0  2.551650635094461 0.08750000000008665 0  2.554999999999985 0.0625000000000193 0  0 0 0   5.87023475135742  5.87023475135742  5.87023475135742   0  0  0  
2 601  2.551650635094461 0.08750000000008665 0  2.53 0.07500000000017336 0  2.554999999999985 0.0625000000000193 0  0 0 0   4.995794068665989  4.995794068665989  4.995794068665989   0  0  0  
2 602  2.551650635094461 0.08750000000008665 0  2.58 0.09999999999993417 0  2.561657942920904 0.1085637083460237 0  0 0 0   3.841165195428126  3.841165195428126  3.841165195428126   0  0  0  
2 603  2.558349364905452 0.03749999999990765 0  2.53 0.02500000000010402 0  2.548342057079074 0.01643629165397746 0  0 0 0   4.541028843724352  4.541028843724352  4.541028843724352   0  0  0  
2 604  2.58 0.04999999999987187 0  2.58 0.07499999999986835 0  2.554999999999985 0.0625000000000193 0  0 0 0   5.792681785617608  5.792681785617608  5.792681785617608   0  0  0  
2 605  2.558349364905452 0.03749999999990765 0  2.58 0.04999999999987187 0  2.554999999999985 0.0625000000000193 0  0 0 0   5.489761487858028  5.489761487858028  5.489761487858028   0  0  0  
2 606  2.58 0.02499999999994474 0  2.58 0.04999999999987187 0  2.558349364905452 0.03749999999990765 0  0 0 0   5.295433514043659  5.295433514043659  5.295433514043659   0  0  0  
2 607  2.53 0.09999999999999998 0  2.53 0.07500000000017336 0  2.551650635094461 0.08750000000008665 0  0 0 0   4.429348451395378  4.429348451395378  4.429348451395378   0  0  0  
2 608  2.58 0.125 0  2.555 0.125 0  2.561657942920904 0.1085637083460237 0  0 0 0   3.053951178271901  3.053951178271901  3.053951178271901   0  0  0  
2 609  2.58 0.09999999999993417 0  2.58 0.125 0  2.561657942920904 0.1085637083460237 0  0 0 0   3.575317115218433  3.575317115218433  3.575317115218433   0  0  0  
2 610  2.53 0 0  2.555 0 0  2.548342057079074 0.01643629165397746 0  0 0 0   4.063441532181645  4.063441532181645  4.063441532181645   0  0  0  
2 611  2.53 0.02500000000010402 0  2.53 0 0  2.548342057079074 0.01643629165397746 0  0 0 0   4.483137108414778  4.483137108414778  4.483137108414778   0  0  0  
2 612  2.53 0.09999999999999998 0  2.551650635094461 0.08750000000008665 0  2.544449551620169 0.1105046966569051 0  0 0 0   3.234451067934176  3.234451067934176  3.234451067934176   0  0  0  
2 613  2.58 0.02499999999994474 0  2.558349364905452 0.03749999999990765 0  2.565550448379804 0.01449530334310035 0  0 0 0   4.024326762840916  4.024326762840916  4.024326762840916   0  0  0  
2 614  2.551650635094461 0.08750000000008665 0  2.561657942920904 0.1085637083460237 0  2.544449551620169 0.1105046966569051 0  0 0 0   3.021381160114334  3.021381160114334  3.021381160114334   0  0  0  
2 615  2.558349364905452 0.03749999999990765 0  2.548342057079074 0.01643629165397746 0  2.565550448379804 0.01449530334310035 0  0 0 0   3.724381220158941  3.724381220158941  3.724381220158941   0  0  0  
2 616  2.53 0.125 0  2.53 0.09999999999999998 0  2.544449551620169 0.1105046966569051 0  0 0 0   2.735256611176366  2.735256611176366  2.735256611176366   0  0  0  
2 617  2.555 0 0  2.58 0 0  2.565550448379804 0.01449530334310035 0  0 0 0   3.632202204303776  3.632202204303776  3.632202204303776   0  0  0  
2 618  2.555 0.125 0  2.53 0.125 0  2.544449551620169 0.1105046966569051 0  0 0 0   2.6677660853451  2.6677660853451  2.6677660853451   0  0  0  
2 619  2.58 0 0  2.58 0.02499999999994474 0  2.565550448379804 0.01449530334310035 0  0 0 0   3.646287842780447  3.646287842780447  3.646287842780447   0  0  0  
2 620  2.561657942920904 0.1085637083460237 0  2.555 0.125 0  2.544449551620169 0.1105046966569051 0  0 0 0   2.035686560897623  2.035686560897623  2.035686560897623   0  0  0  
2 621  2.548342057079074 0.01643629165397746 0  2.555 0 0  2.565550448379804 0.01449530334310035 0  0 0 0   2.662764113348441  2.662764113348441  2.662764113348441   0  0  0  
2 622  2.635 0.07499999999986835 0  2.635 0.09999999999993417 0  2.606650635094461 0.08750000000008665 0  0 0 0   5.875285797745695  5.875285797745695  5.875285797745695   0  0  0  
2 623  2.585 0.05000000000020804 0  2.585 0.02500000000010402 0  2.613349364905452 0.03749999999990765 0  0 0 0   7.100709815899267  7.100709815899267  7.100709815899267   0  0  0  
2 624  2.585 0.05000000000020804 0  2.613349364905452 0.03749999999990765 0  2.609999999999985 0.0625000000000193 0  0 0 0   6.549025838836087  6.549025838836087  6.549025838836087   0  0  0  
2 625  2.585 0.07500000000017336 0  2.585 0.05000000000020804 0  2.609999999999985 0.0625000000000193 0  0 0 0   5.969479992703059  5.969479992703059  5.969479992703059   0  0  0  
2 626  2.635 0.07499999999986835 0  2.606650635094461 0.08750000000008665 0  2.609999999999985 0.0625000000000193 0  0 0 0   5.977292985860556  5.977292985860556  5.977292985860556   0  0  0  
2 627  2.606650635094461 0.08750000000008665 0  2.585 0.07500000000017336 0  2.609999999999985 0.0625000000000193 0  0 0 0   5.400441867266274  5.400441867266274  5.400441867266274   0  0  0  
2 628  2.606650635094461 0.08750000000008665 0  2.635 0.09999999999993417 0  2.616657942920906 0.108563708346026 0  0 0 0   3.841318234164528  3.841318234164528  3.841318234164528   0  0  0  
2 629  2.613349364905452 0.03749999999990765 0  2.585 0.02500000000010402 0  2.603342057079073 0.01643629165397493 0  0 0 0   4.811286163917588  4.811286163917588  4.811286163917588   0  0  0  
2 630  2.635 0.04999999999987187 0  2.635 0.07499999999986835 0  2.609999999999985 0.0625000000000193 0  0 0 0   5.580894285048045  5.580894285048045  5.580894285048045   0  0  0  
2 631  2.613349364905452 0.03749999999990765 0  2.635 0.04999999999987187 0  2.609999999999985 0.0625000000000193 0  0 0 0   5.535578194141738  5.535578194141738  5.535578194141738   0  0  0  
2 632  2.635 0.02499999999994474 0  2.635 0.04999999999987187 0  2.613349364905452 0.03749999999990765 0  0 0 0   5.056200868811155  5.056200868811155  5.056200868811155   0  0  0  
2 633  2.585 0.09999999999999998 0  2.585 0.07500000000017336 0  2.606650635094461 0.08750000000008665 0  0 0 0   4.79261392550535  4.79261392550535  4.79261392550535   0  0  0  
2 634  2.635 0.125 0  2.61 0.125 0  2.616657942920906 0.108563708346026 0  0 0 0   2.976036975681349  2.976036975681349  2.976036975681349   0  0  0  
2 635  2.635 0.09999999999993417 0  2.635 0.125 0  2.616657942920906 0.108563708346026 0  0 0 0   3.37819568827828  3.37819568827828  3.37819568827828   0  0  0  
2 636  2.585 0 0  2.61 0 0  2.603342057079073 0.01643629165397493 0  0 0 0   4.249580624682988  4.249580624682988  4.249580624682988   0  0  0  
2 637  2.585 0.02500000000010402 0  2.585 0 0  2.603342057079073 0.01643629165397493 0  0 0 0   4.722565347578705  4.722565347578705  4.722565347578705   0  0  0  
2 638  2.585 0.09999999999999998 0  2.606650635094461 0.08750000000008665 0  2.599449551620169 0.110504696656903 0  0 0 0   3.451212833674801  3.451212833674801  3.451212833674801   0  0  0  
2 639  2.635 0.02499999999994474 0  2.613349364905452 0.03749999999990765 0  2.620550448379808 0.01449530334309319 0  0 0 0   3.959180909371454  3.959180909371454  3.959180909371454   0  0  0  
2 640  2.606650635094461 0.08750000000008665 0  2.616657942920906 0.108563708346026 0  2.599449551620169 0.110504696656903 0  0 0 0   3.164871704376266  3.164871704376266  3.164871704376266   0  0  0  
2 641  2.613349364905452 0.03749999999990765 0  2.603342057079073 0.01643629165397493 0  2.620550448379808 0.01449530334309319 0  0 0 0   3.858084709675167  3.858084709675167  3.858084709675167   0  0  0  
2 642  2.585 0.125 0  2.585 0.09999999999999998 0  2.599449551620169 0.110504696656903 0  0 0 0   2.858125081524998  2.858125081524998  2.858125081524998   0  0  0  
2 643  2.61 0 0  2.635 0 0  2.620550448379808 0.01449530334309319 0  0 0 0   3.565739145775296  3.565739145775296  3.565739145775296   0  0  0  
2 644  2.61 0.125 0  2.585 0.125 0  2.599449551620169 0.110504696656903 0  0 0 0   2.72581577308836  2.72581577308836  2.72581577308836   0  0  0  
2 645  2.635 0 0  2.635 0.02499999999994474 0  2.620550448379808 0.01449530334309319 0  0 0 0   3.413269760393304  3.413269760393304  3.413269760393304   0  0  0  
2 646  2.616657942920906 0.108563708346026 0  2.61 0.125 0  2.599449551620169 0.110504696656903 0  0 0 0   2.080810436479925  2.080810436479925  2.080810436479925   0  0  0  
2 647  2.603342057079073 0.01643629165397493 0  2.61 0 0  2.620550448379808 0.01449530334309319 0  0 0 0   2.754156897317378  2.754156897317378  2.754156897317378   0  0  0  
2 648  1.12 0.07499999999986835 0  1.12 0.09999999999993417 0  1.14834936490554 0.08750000000008665 0  0 0 0   174450.8505772871  174450.8505772871  174450.8505772871   0  0  0  
2 649  1.17 0.05000000000020804 0  1.17 0.02500000000010402 0  1.141650635094548 0.0374999999999081 0  0 0 0   174485.4542508172  174485.4542508172  174485.4542508172   0  0  0  
2 650  1.17 0.05000000000020804 0  1.141650635094548 0.0374999999999081 0  1.145000000000015 0.06250000000001939 0  0 0 0   164170.8328084193  164170.8328084193  164170.8328084193   0  0  0  
2 651  1.17 0.07500000000017336 0  1.17 0.05000000000020804 0  1.145000000000015 0.06250000000001939 0  0 0 0   153831.0880978124  153831.0880978124  153831.0880978124   0  0  0  
2 652  1.12 0.07499999999986835 0  1.14834936490554 0.08750000000008665 0  1.145000000000015 0.06250000000001939 0  0 0 0   164155.3746134074  164155.3746134074  164155.3746134074   0  0  0  
2 653  1.14834936490554 0.08750000000008665 0  1.17 0.07500000000017336 0  1.145000000000015 0.06250000000001939 0  0 0 0   143517.0018227352  143517.0018227352  143517.0018227352   0  0  0  
2 654  1.14834936490554 0.08750000000008665 0  1.12 0.09999999999993417 0  1.138342057079077 0.10856370834603 0  0 0 0   116166.5277197191  116166.5277197191  116166.5277197191   0  0  0  
2 655  1.141650635094548 0.0374999999999081 0  1.17 0.02500000000010402 0  1.151657942920922 0.01643629165397528 0  0 0 0   116232.3593140235  116232.3593140235  116232.3593140235   0  0  0  
2 656  1.12 0.04999999999987187 0  1.12 0.07499999999986835 0  1.145000000000015 0.06250000000001939 0  0 0 0   153887.45010073  153887.45010073  153887.45010073   0  0  0  
2 657  1.141650635094548 0.0374999999999081 0  1.12 0.04999999999987187 0  1.145000000000015 0.06250000000001939 0  0 0 0   143583.1050086902  143583.1050086902  143583.1050086902   0  0  0  
2 658  1.12 0.02499999999994474 0  1.12 0.04999999999987187 0  1.141650635094548 0.0374999999999081 0  0 0 0   133300.2525114833  133300.2525114833  133300.2525114833   0  0  0  
2 659  1.17 0.09999999999999998 0  1.17 0.07500000000017336 0  1.14834936490554 0.08750000000008665 0  0 0 0   133184.1557882357  133184.1557882357  133184.1557882357   0  0  0  
2 660  1.12 0.125 0  1.14499999999987 0.125 0  1.138342057079077 0.10856370834603 0  0 0 0   101087.1025450211  101087.1025450211  101087.1025450211   0  0  0  
2 661  1.12 0.09999999999993417 0  1.12 0.125 0  1.138342057079077 0.10856370834603 0  0 0 0   112831.9645266971  112831.9645266971  112831.9645266971   0  0  0  
2 662  1.17 0 0  1.144999999999957 0 0  1.151657942920922 0.01643629165397528 0  0 0 0   101188.1155615084  101188.1155615084  101188.1155615084   0  0  0  
2 663  1.17 0.02500000000010402 0  1.17 0 0  1.151657942920922 0.01643629165397528 0  0 0 0   112911.2086409405  112911.2086409405  112911.2086409405   0  0  0  
2 664  1.17 0.09999999999999998 0  1.14834936490554 0.08750000000008665 0  1.155550448379825 0.1105046966569482 0  0 0 0   100396.0195895305  100396.0195895305  100396.0195895305   0  0  0  
2 665  1.12 0.02499999999994474 0  1.141650635094548 0.0374999999999081 0  1.134449551620196 0.01449530334310796 0  0 0 0   100494.3388774775  100494.3388774775  100494.3388774775   0  0  0  
2 666  1.14834936490554 0.08750000000008665 0  1.138342057079077 0.10856370834603 0  1.155550448379825 0.1105046966569482 0  0 0 0   93965.05977121751  93965.05977121751  93965.05977121751   0  0  0  
2 667  1.141650635094548 0.0374999999999081 0  1.151657942920922 0.01643629165397528 0  1.134449551620196 0.01449530334310796 0  0 0 0   94043.92634597092  94043.92634597092  94043.92634597092   0  0  0  
2 668  1.14499999999987 0.125 0  1.17 0.125 0  1.155550448379825 0.1105046966569482 0  0 0 0   89136.12930082185  89136.12930082185  89136.12930082185   0  0  0  
2 669  1.17 0.125 0  1.17 0.09999999999999998 0  1.155550448379825 0.1105046966569482 0  0 0 0   88859.78493586433  88859.78493586433  88859.78493586433   0  0  0  
2 670  1.12 0 0  1.12 0.02499999999994474 0  1.134449551620196 0.01449530334310796 0  0 0 0   88976.55253036486  88976.55253036486  88976.55253036486   0  0  0  
2 671  1.144999999999957 0 0  1.12 0 0  1.134449551620196 0.01449530334310796 0  0 0 0   89252.37077524906  89252.37077524906  89252.37077524906   0  0  0  
2 672  1.138342057079077 0.10856370834603 0  1.14499999999987 0.125 0  1.155550448379825 0.1105046966569482 0  0 0 0   66402.1234501531  66402.1234501531  66402.1234501531   0  0  0  
2 673  1.151657942920922 0.01643629165397528 0  1.144999999999957 0 0  1.134449551620196 0.01449530334310796 0  0 0 0   66471.777987785  66471.777987785  66471.777987785   0  0  0  
2 674  1.065 0.07499999999986835 0  1.065 0.09999999999993417 0  1.09334936490554 0.08750000000008665 0  0 0 0   174493.7947422156  174493.7947422156  174493.7947422156   0  0  0  
2 675  1.115 0.05000000000020804 0  1.115 0.02500000000010402 0  1.086650635094548 0.03749999999990831 0  0 0 0   174580.5587487127  174580.5587487127  174580.5587487127   0  0  0  
2 676  1.115 0.05000000000020804 0  1.086650635094548 0.03749999999990831 0  1.090000000000015 0.06250000000001943 0  0 0 0   164262.5367912312  164262.5367912312  164262.5367912312   0  0  0  
2 677  1.115 0.07500000000017336 0  1.115 0.05000000000020804 0  1.090000000000015 0.06250000000001943 0  0 0 0   153923.4750905632  153923.4750905632  153923.4750905632   0  0  0  
2 678  1.065 0.07499999999986835 0  1.09334936490554 0.08750000000008665 0  1.090000000000015 0.06250000000001943 0  0 0 0   164221.4382105528  164221.4382105528  164221.4382105528   0  0  0  
2 679  1.09334936490554 0.08750000000008665 0  1.115 0.07500000000017336 0  1.090000000000015 0.06250000000001943 0  0 0 0   143601.3145900788  143601.3145900788  143601.3145900788   0  0  0  
2 680  1.09334936490554 0.08750000000008665 0  1.065 0.09999999999993417 0  1.083342057079104 0.1085637083460263 0  0 0 0   116207.2397557843  116207.2397557843  116207.2397557843   0  0  0  
2 681  1.086650635094548 0.03749999999990831 0  1.115 0.02500000000010402 0  1.096657942920949 0.01643629165396979 0  0 0 0   116291.5885461386  116291.5885461386  116291.5885461386   0  0  0  
2 682  1.065 0.04999999999987187 0  1.065 0.07499999999986835 0  1.090000000000015 0.06250000000001943 0  0 0 0   153921.8469508843  153921.8469508843  153921.8469508843   0  0  0  
2 683  1.086650635094548 0.03749999999990831 0  1.065 0.04999999999987187 0  1.090000000000015 0.06250000000001943 0  0 0 0   143635.7309999708  143635.7309999708  143635.7309999708   0  0  0  
2 684  1.065 0.02499999999994474 0  1.065 0.04999999999987187 0  1.086650635094548 0.03749999999990831 0  0 0 0   133324.7323733447  133324.7323733447  133324.7323733447   0  0  0  
2 685  1.115 0.09999999999999998 0  1.115 0.07500000000017336 0  1.09334936490554 0.08750000000008665 0  0 0 0   133261.1833234277  133261.1833234277  133261.1833234277   0  0  0  
2 686  1.115 0 0  1.090000000000131 0 0  1.096657942920949 0.01643629165396979 0  0 0 0   101233.8473640034  101233.8473640034  101233.8473640034   0  0  0  
2 687  1.115 0.02500000000010402 0  1.115 0 0  1.096657942920949 0.01643629165396979 0  0 0 0   112964.0588348083  112964.0588348083  112964.0588348083   0  0  0  
2 688  1.065 0.125 0  1.090000000000044 0.125 0  1.083342057079104 0.1085637083460263 0  0 0 0   101114.7748730191  101114.7748730191  101114.7748730191   0  0  0  
2 689  1.065 0.09999999999993417 0  1.065 0.125 0  1.083342057079104 0.1085637083460263 0  0 0 0   112853.9428194815  112853.9428194815  112853.9428194815   0  0  0  
2 690  1.065 0.02499999999994474 0  1.086650635094548 0.03749999999990831 0  1.079449551620205 0.01449530334305325 0  0 0 0   100522.2812214871  100522.2812214871  100522.2812214871   0  0  0  
2 691  1.115 0.09999999999999998 0  1.09334936490554 0.08750000000008665 0  1.100550448379835 0.1105046966568967 0  0 0 0   100449.3371426776  100449.3371426776  100449.3371426776   0  0  0  
2 692  1.086650635094548 0.03749999999990831 0  1.096657942920949 0.01643629165396979 0  1.079449551620205 0.01449530334305325 0  0 0 0   94085.77030341403  94085.77030341403  94085.77030341403   0  0  0  
2 693  1.09334936490554 0.08750000000008665 0  1.083342057079104 0.1085637083460263 0  1.100550448379835 0.1105046966568967 0  0 0 0   94010.3032939321  94010.3032939321  94010.3032939321   0  0  0  
2 694  1.090000000000131 0 0  1.065 0 0  1.079449551620205 0.01449530334305325 0  0 0 0   89275.97040237984  89275.97040237984  89275.97040237984   0  0  0  
2 695  1.115 0.125 0  1.115 0.09999999999999998 0  1.100550448379835 0.1105046966568967 0  0 0 0   88899.73635041568  88899.73635041568  88899.73635041568   0  0  0  
2 696  1.065 0 0  1.065 0.02499999999994474 0  1.079449551620205 0.01449530334305325 0  0 0 0   88986.44717398498  88986.44717398498  88986.44717398498   0  0  0  
2 697  1.090000000000044 0.125 0  1.115 0.125 0  1.100550448379835 0.1105046966568967 0  0 0 0   89170.12615617449  89170.12615617449  89170.12615617449   0  0  0  
2 698  1.096657942920949 0.01643629165396979 0  1.090000000000131 0 0  1.079449551620205 0.01449530334305325 0  0 0 0   66500.7111310194  66500.7111310194  66500.7111310194   0  0  0  
2 699  1.083342057079104 0.1085637083460263 0  1.090000000000044 0.125 0  1.100550448379835 0.1105046966568967 0  0 0 0   66428.53855987551  66428.53855987551  66428.53855987551   0  0  0  
